0.00010019300224497942
0.00011048790799946274
0.00019056900026652652
0.0005384876694007687
0.00015602077806787116
8.853410745150661e-05
0.00010368776753601104
0.000155195086979782
0.00016894072146732525
6.203867936363631e-05
0.00016885014347359331
0.00038183221680095374
0.0008611314339182525
7.886614085076508e-05
0.0002449188176574743
0.00011997303441138016
0.00011146440106409386
7.78629943063049e-05
0.00021671812536969915
0.0002139596945381094
0.00018484310156969866
0.0001305757673964284
0.00022500194240053013
0.002731330821528028
0.00014388439596332449
0.0001015382985511645
0.00017911871492176196
9.185804696155723e-05
0.00027967251354717523
0.0001781464784277309
0.00015654157200162467
0.0001702888914333953
0.00011729217013704688
0.00024195714363469079
0.00020623880964380868
0.00012891822185286754
0.00013043896301378832
0.00013222201054762314
0.00034998358348579007
0.0007525457719751935
0.00023796006050239696
0.00011443524800111244
0.00010747251421524882
0.000166100254267767
0.00010316184651758511
0.00013860846132733739
0.00013465062530552353
0.00012599263339459075
9.984452245139858e-05
9.109097522606166e-05
0.00013996169407095354
0.00010843743730487788
0.00011572160542028563
0.00011349625248968369
0.0001875585830827314
0.00013161371516869338
0.0001176483517322967
0.00021143429313669627
9.754507461305257e-05
0.00010882289648923687
0.0002544902574999027
0.00010124164271473843
3.020777467063744e-05
0.00024099905414317596
0.0007636807463048622
0.0001312794315285316
0.00015286168277637628
0.000393711570220243
0.0002201333307416674
6.585993191624711e-05
0.00018851042808807174
0.000715814914192696
7.536828606336638e-05
0.00011205639212326001
0.00012631190695708806
0.000251030199772772
0.0005004859907518848
0.00011537634815870769
4.318161332555073e-05
0.00012371016840789087
6.679180432977052e-05
0.0004533454348567893
0.0005913165857429109
0.0018806623372127314
0.0008629790209214341
0.00014662397218319522
4.0549374818674485e-05
0.0003853635599403817
0.0001202743000926249
0.0004911398247813906
0.00012807871010550101
0.0002622933154697315
0.0005930279868192976
0.000203561616060983
0.0003007789217797997
0.00010373571692597857
0.000616450942092939
0.00029711140251953026
0.0005057972499216921
0.0006806311864820412
0.0007720235568095561
0.0020250183550581924
0.00040234532501885815
0.0005494127166654146
0.00033753127850116925
0.002413110252411212
0.00025534204074128175
0.001035090451678944
0.00029604229783389367
7.3486208662619e-05
0.0002422287839420568
0.00032757469577127866
0.0001256993979999029
0.00029926839370050736
0.0001764625239246086
5.476699704882432e-05
0.00022694302578981582
0.00034363362998460586
0.00022275407227244611
0.00019957120941492892
0.00021834951195270037
0.0005919656293214426
0.0003054931273962032
0.0006250672117170476
0.00013211900508343556
0.00017427124457988273
7.895060682295115e-05
9.299716525475669e-05
0.00010073704944247334
6.26416718297103e-05
5.147981971071766e-05
0.000149821881247371
9.424375583493567e-05
0.00023367147777631395
8.463781233698356e-05
0.00018715736450830144
0.00014342310497987492
0.0002025122367777711
0.00010190464858374313
0.00016669036274526215
0.00015965887399097543
0.00010536383504836246
9.61362120297175e-05
0.00011950082933663987
7.059950381920603e-05
0.00011960409345138877
0.0001880949717667648
0.00021991531930813147
0.00023022328281339634
0.00016314414850048886
0.0017217531308410148
0.00018875197107206585
0.00016429978043616726
4.820996344817719e-05
0.00013046708024609142
8.546790672054289e-05
6.884839517893949e-05
9.541820975870895e-05
8.790988736334078e-05
0.0011042201681141454
5.945205779412766e-05
7.5982920116261e-05
0.00020385021347697787
0.00013184868359313195
9.060703648567003e-05
0.00010449933395378553
9.663539599953019e-05
0.0001310758791777736
0.00012614056679994388
8.115642645940373e-05
0.00029000179417575073
7.840144072926127e-05
0.00017754029332598312
0.00013548795405513738
0.00013562566404427172
0.0001482382469159706
0.000122775977942447
9.915065813401407e-05
3.8932705950677255e-05
6.045258221487346e-05
0.0001450422973936185
9.603959377909357e-05
0.0001230070159033693
0.00016896264138139904
0.00019224141182767345
0.00022209585397428924
0.0001443125911156127
0.00013513175859217142
0.00018999727381347771
8.268458600441368e-05
7.440865246776922e-05
0.0001543933683608789
0.00010857563223460993
0.00011932306897939823
9.34714994725819e-05
0.00010122891451049285
7.453144808476446e-05
2.7272517072489496e-05
7.52264701155671e-05
0.00010583505885099143
9.793072557634151e-05
0.00013149091265405544
0.00017316871211857542
0.00021059377536113632
0.00011908880054586083
0.0002571764875007618
0.00013122116512005844
6.200870111895408e-05
0.00010937918146961242
0.00018059919033070628
7.312264335293318e-05
0.00014532857798769066
7.482315218590273e-05
0.0002574795087926432
9.904567858528659e-05
0.0001461817445917801
0.00044002313225798115
0.00018592848057858593
0.00019276049762283914
0.00013684186564577795
0.00029489745653168937
0.00023274752513522133
0.00017906600877981433
0.00023560778307560806
0.0001903391673333966
0.0007013647972475267
0.00011896564981070719
0.00016689627138676862
0.00010128098520056649
0.0001356136984285037
0.00020854576488124412
0.00023276861848817051
0.00022329458441278042
0.00012088293055782554
0.0027074222426705795
0.00017185768050783235
0.00013933651498510544
0.00013453972979499427
0.00016624456915945336
0.00013281774183582503
0.00011446790772548244
0.00025483680862489543
0.00011483334100530863
0.004755866882295588
0.00013312327821581022
7.906229878434683e-05
0.00012152848101201717
0.0001278155770599999
0.00018976672203582668
0.00022192886336853704
9.322454402954906e-05
0.0018979959457649303
8.445171893483008e-05
9.531847930642318e-05
0.00010435437200225219
6.173211404551317e-05
7.387369036845608e-05
0.00010561915944030271
2.9163134345396592e-05
0.0001668709195187655
3.847575666341609e-05
8.725734001023207e-05
0.00040506914184586533
0.00019330584334303002
0.00014163681388692443
0.00013639862402689906
0.00011135511771605921
0.0003111987429328259
8.363809529342136e-05
0.00023937122228067883
6.694977572537525e-05
0.0001633786158601934
8.823459375899119e-05
0.00010802444468685337
0.00043316767983375107
0.0001305227566156313
0.00012459552401612414
0.00012059370564887495
8.909566813909429e-05
0.00010623191878701445
7.103123982682695e-05
6.461675475746197e-05
8.692987312013897e-05
0.0001969001070156992
0.000136510943541861
0.00013227132143706473
0.00010318477339233239
9.032599137407428e-05
0.00010023923758485197
0.0001893434022524247
0.0005949740879015571
0.0001336916620429679
0.0001553049405346572
0.00035593041565659607
0.00019747348552746468
8.540009095129672e-05
0.00012514382384464585
0.00010216436028274715
0.0004737809731618297
0.00015507458815461095
0.00026483452676752747
0.0003303726641465852
0.0013222625014297914
0.00016970840722469295
0.0003234086623954531
0.00010358105556182563
0.00015634391035581713
7.47279851973775e-05
0.00041888591426624726
9.816270926890453e-05
0.0001174918951566407
0.00025569424126240664
0.00017638008770189155
0.0008414541355378158
0.0016511726333077086
0.0007494775943883333
0.00036418347559272934
9.183248108902852e-05
0.0001225527991168925
0.00010768093906528692
0.00016237600636169236
6.295425699322665e-05
9.09229959925909e-05
0.00010550353563317023
4.426071550300262e-05
0.0001118157093737671
7.372565745504181e-05
8.197993500175634e-05
4.979857520589702e-05
7.57166270762544e-05
0.00010081223237574976
5.543923335580299e-05
0.00021916685333389426
9.387335883278076e-05
0.00044758664041735807
0.00020064467878659213
0.00019376185317926511
0.00021311945562656868
0.00014558563176087964
0.0004985937259701192
0.00011924131544251756
9.901153505959917e-05
0.00021491850890232838
0.00015392802453242864
0.00012429346116617037
0.00011489437604874134
7.178380626912578e-05
0.00041066819849037463
9.63047273348497e-05
0.000154447623822731
0.0001803950630938896
0.00011026323586916334
8.836472512795436e-05
5.265887093915628e-05
0.0005198610973719873
0.00013294323744894113
0.0003705258540271538
0.00018905286329996246
0.00029487214980811205
0.00012528530720549134
0.00012624920443223152
6.928571329978633e-05
0.00017401212888527555
0.00017915266239472424
0.00010498590217267787
0.00017075995421355519
0.0001476253128904675
8.140088661320152e-05
0.0001065290190619045
0.0003839361552051137
7.771474565818078e-05
0.00010259735137026946
0.0010615544107297641
0.0010065952840816168
0.00010684022605729453
0.00020592943460855784
0.0002959223556614396
3.755739651883485e-05
9.313558753987584e-05
0.00013531918349917564
0.0009022279433551192
0.0001333334615463416
0.00010436654599571973
8.652109680349727e-05
0.0001999160810694951
4.471387823800157e-05
8.966646916005317e-05
0.00024669664408547736
0.000257703736989461
0.00021883486378443753
0.00012561324806028022
0.00020460879239869695
0.00010991439744548641
0.00019177647694730736
0.0001684381497255038
0.00033993314010538606
0.00011677176893705338
0.00017287834704815116
0.00016551325025923377
0.0001865494725276246
0.000260204595268877
0.00023747991752592532
0.00014546539027554775
0.00019875807163354314
0.00014546141884019549
9.191860008706199e-05
5.7909663411648984e-05
9.979829307744858e-05
0.00011325771952999959
0.00011713628615628936
3.523396221631944e-05
0.0001316239382135374
0.00010931029165401508
0.00014322400510585043
0.00021053881522923142
0.00017258807285619397
0.00010348482823193018
0.0001217417328152341
0.00016712199442493267
0.00011876874099888638
0.0002782959338165333
0.0038731601202166574
0.00019111959630925342
4.050834905597611e-05
8.159256061227535e-05
6.38542829134998e-05
5.634512911665546e-05
0.00011003082614728451
5.2834309239348005e-05
0.00027793312772935537
8.349850241628382e-05
8.979478290424752e-05
0.00014910136743625217
0.00023308653965012756
9.126357355518265e-05
0.00012194161877557759
0.000180376679911144
0.00012434872293266803
0.00015439864007975402
0.00015874734932284435
0.00011560131797264983
0.00010473038316787351
7.433836482512765e-05
0.00011248446885604558
0.00020444300976463114
8.375914631815937e-05
0.0002148418968092193
0.00010259798968728355
0.000126822101235941
0.0018566158045582983
8.231642234991438e-05
0.00023372967591425852
0.0005528469896821202
5.535495807013308e-05
0.00019639580440641846
0.00011892646574702155
9.042710391954064e-05
0.00015036410682163143
8.92441499990705e-05
7.684454220562455e-05
0.00014726639786220882
0.0001696083973458884
0.0004773416290420451
8.364719340422895e-05
5.6130304509826445e-05
8.007016700478915e-05
0.00021299339533371268
6.4109207598924e-05
0.00011456533278205536
0.00011741812751920085
0.00011190649476159454
6.240020204352137e-05
6.0798853034762486e-05
0.00014692389780139372
0.0001157148150477429
0.00015368248236910878
0.0001294837507349249
0.00014334796741955296
5.458746439733837e-05
8.725317941808294e-05
0.00022114095506279587
0.00011306266284698407
7.675361882071365e-05
0.00021174274861454956
6.157225120835425e-05
0.00012153570691533894
0.00024981513484065017
4.7321728959134764e-05
9.9950481428266e-05
4.672369854616518e-05
0.00014554253088317024
0.00013195503777071706
7.110419192890069e-05
0.00012877767188974805
0.00011646187941842232
0.00032846643693634504
0.0005038899050128098
0.00012182040627729587
0.0011724244998991848
0.0009825980620918361
0.0009645994467094295
0.00025856547755295637
9.584159133026362e-05
0.0003453566031780852
8.379925703968472e-05
8.27255367640118e-05
0.0001002055870179253
0.0004104721777922452
5.6456002055188433e-05
0.0002883503861095289
0.0001730279088876163
9.147012149725246e-05
0.00010509265235219133
0.00033712176471108836
0.0025551224080719638
0.0008928798827029433
0.0010946668193909514
0.0005396000698751223
0.001156922823695572
0.0016655955360537406
0.0008570548463546407
0.00242449064607248
0.00032560399543678177
0.0002661321062266265
0.0005466703828120611
0.00024095439331236194
0.0001446518327850369
0.00014167278308878836
0.000262581152240821
0.00011582894139898366
0.000173456544359129
0.00023868038542963765
0.00023940975245286483
0.0001123776014763901
0.00011326968349628106
0.0007450791204198131
8.89488504791636e-05
0.0007256140664487388
0.00030011557474226474
0.00037490496713562713
0.00024288566975805818
0.00014492697246153543
4.196969414899946e-05
6.230214429473243e-05
0.00019281223316311682
0.00016215705490054693
0.00016414258910757887
0.00014227393045779732
0.00010862098560497491
3.5119641703547654e-05
9.888893019405975e-05
6.612998873978889e-05
0.00012957888672702797
0.00011994345013769279
0.0001247337087941197
3.934585814505226e-05
0.00022948238547926413
2.193234067280926e-05
0.000171985889911977
0.0001516899691250976
0.0002563413114480534
6.478421516137603e-05
0.00024761061678187617
0.00014485501620893336
0.00013826318647453757
0.0002366823597724648
7.812431759129212e-05
8.162211822163181e-05
0.00013778824476267016
0.00021308562080592808
8.429980063948121e-05
0.00010965846516254989
0.00010619201999594307
0.00011885520968132906
0.000394008408842978
0.00011438557152006745
0.00016498146476474313
0.00013551172187182005
0.00017655343288229457
0.00024104645288939766
6.929117637456583e-05
0.00018444428059224434
0.0012082759360292135
0.00020186744757751959
0.0002417193317080494
0.00014615513645172316
5.794999097622886e-05
0.000123602573295568
0.00022075624764244823
0.00019661090733689342
0.00012084224897114754
8.477950939260893e-05
0.00012226518470200497
7.130408637473186e-05
0.00019061299008341507
0.00012270904425581573
0.00019923723684757975
0.00013714943710253894
0.00011063034198231993
0.00017596772538859535
0.00016908074665706506
0.00012550599612952542
0.00013460098711675907
0.00015617163995713026
0.00018813336376469417
0.0001689575469901691
0.0002821462262597455
0.00023994297259335802
0.00015174657358501365
0.00013344003607663218
0.0002162423540468005
0.00015433063859619857
0.00015258939816721484
0.0001730609644498655
0.00011087329528174707
0.00015126559197187805
9.465014903211657e-05
0.00011098176802518152
0.0001359884627869277
0.0001439291838218082
0.0029993211859545084
0.00017491352997278464
0.00011612135349950907
0.0002444817365160324
0.00017082372551297637
0.000266335512782782
0.00024163963988640426
0.00026255326741680024
0.0002405608069929508
0.00011428911547733926
8.028489794844544e-05
0.0002369635096861339
0.00016161762680838923
9.454349957501339e-05
0.00010578912493735536
0.00014526742599101737
6.506639422240233e-05
0.0024262284037833985
0.0007873023254821304
0.00010570017439627282
0.00017793080089215354
0.00014304986276676078
0.00012951459688097106
0.00015625807709180535
8.661233391172557e-05
0.00010008601500828096
0.00014559837921680548
5.8659037533030464e-05
0.00012716489179455883
6.839907226427889e-05
0.00010660624759287017
6.109860367460204e-05
0.00014233243537507476
8.504024815962386e-05
0.00011962897530374453
8.745048527959548e-05
5.5102913890075183e-05
8.28505543114942e-05
0.00010156375878845769
0.00023271366020915414
0.00012184202257306271
7.623478386366164e-05
0.00020880159131482764
0.00018825739187711027
0.0001873446072073231
4.9689277549594606e-05
0.00011170192638037622
0.0001448607973552406
7.63017519814219e-05
0.00010972049337057553
3.98178282012899e-05
6.0103169783161174e-05
9.769942499532042e-05
8.174850910308974e-05
5.5132746365984045e-05
0.00011888701204724192
4.531879429991951e-05
0.00010465444374459558
6.006085031857204e-05
0.0003330027656243995
0.0003133421894063365
4.202613589435083e-05
9.936520316478713e-05
4.561154374750361e-06
5.093862851762438e-06
0.00014109775993561804
0.00012197919623968542
6.179336116627635e-05
0.0001609249058361322
0.00011709870137027415
3.101521772744145e-05
0.00013957034168626077
0.00039428503443564436
0.00011456871303079491
0.00021074089969324027
7.34023342372312e-05
0.00011821218132912046
0.0008885235955027668
9.245744973042175e-05
4.8576153053233035e-05
0.00010454389948139664
9.456938680627365e-05
0.0002262518355344026
0.00025555996199577366
0.00014968978911051098
0.00017765111546910926
0.0002618681348732369
0.0001268986963459296
0.00034540647938224406
0.0002509993025475518
0.00031138911730491933
0.000332995883840215
0.0001568384743085399
0.0005337978844252226
0.0005251589746614912
0.00018312703839847163
9.493738887496008e-05
9.522899286299583e-05
0.0005174342569261158
0.0007830182725361779
0.00024045803707002715
9.858693396355501e-05
0.00028847611759013004
0.00010638327797468033
0.00038566757926016546
9.16087569457103e-05
0.00010546967638841884
0.00017657712924136295
0.0004811851417970565
5.1846233353522145e-05
0.00016404005694605346
0.00016839294125792304
0.0001022499113164202
0.00021565812325778926
0.0003453236216741327
0.0001927340269489702
0.00011371710414118115
5.516693903560005e-05
0.00011095128472837411
6.914902709625121e-05
0.00010241060317291177
0.00012067407036323168
0.00010702703513932403
0.00014159224094960847
0.00032509979211791816
0.0001804301288774584
5.130017273073985e-05
0.00022145084551580973
4.5365246665620794e-05
0.00011452516190227608
7.012392321562907e-05
3.1094202279431694e-05
0.00023288293527600124
0.000147844934140484
8.159644683720662e-05
6.33612708211364e-05
0.00011716562905219859
0.00016570493185777123
0.0001128958851716126
8.037119284840087e-05
9.793108500281058e-05
0.00043293991034967365
0.0001509959020188785
0.00010216956376900083
0.00013253286243257415
0.00018980476126811423
0.00012772346602761165
0.00011798715680844476
0.0001281791329434502
0.00011676070089148217
0.00018311097910383474
0.0020527403427858817
8.318065980734144e-05
0.0001295896604896904
9.409277889944546e-05
0.0001946203469452175
9.449930606683238e-05
0.00014046335567211469
0.0002602254705929364
0.00029226947603737386
8.527015616746442e-05
8.595275008794479e-05
0.00011662132915923281
0.0001329272665338207
0.00023393990051312355
0.00038009724949020977
0.0002117760544146595
0.0008943647837501081
0.00022071798972035411
0.00012143226299694613
0.00018002940450217322
0.00014870791929208192
0.0004775539891311151
0.00016262798750626826
0.0001481148779937708
0.0008156298302786919
0.00018364423340878978
0.00016708425728592815
0.00019913565511459207
0.0001560301831934402
0.00021128567364103474
5.6154905495900217e-05
6.241895881033326e-05
8.964852938038094e-05
9.488289093341042e-05
9.068052267317767e-05
5.182323571991022e-05
8.524928858816526e-05
6.390995455884274e-05
0.00012296769350794484
9.83939645910354e-05
0.00010649287827932102
9.099115140990482e-05
0.00016128286153696707
0.00012450101762696093
0.00010357461489542723
0.00012162851977005769
0.00014737565086430716
3.805057272655251e-05
3.958757658761681e-05
0.00012468628167232993
8.512055805860338e-05
8.438964577797989e-05
0.00012215377290294963
7.766657329998149e-05
8.901991499962108e-05
0.00012760250254634546
4.916548416573402e-05
0.0001234181882731254
7.311397183290376e-05
9.672807065210792e-05
0.0001087827442513437
8.541360341464456e-05
5.0517545147225766e-05
0.00011985689362406987
0.0008163853632780296
0.00018743172557110851
9.374803064412776e-05
0.0003058562676484899
0.00014243034542671816
0.00027298933576997504
0.00012893876538296744
6.06172217475569e-05
6.349364595214737e-05
0.00014044427134420236
5.8415308194217314e-05
3.947611242764072e-05
3.617499415385631e-05
0.00010805798995177214
9.763881568023773e-05
4.165551756468637e-05
3.15729168933068e-05
8.940043301978444e-05
0.00015066672736921614
1.1969048004314494e-05
0.00017084788029744387
7.210295047770659e-05
0.00010522740631566433
0.00013545928653220093
5.895191042643515e-05
4.6441089873286335e-05
6.412314470392793e-05
9.866353025206948e-05
3.15179342192498e-05
5.756072307645851e-05
7.213211069140187e-05
0.00011731829697429974
4.103598279459114e-05
5.565304888093885e-05
4.890012726236929e-05
8.333716178033506e-05
6.957286402077319e-05
5.250873112173245e-05
0.00014152720060293413
5.0725866987154527e-05
0.00022049839389904626
8.763313874786627e-05
0.0006999860712590209
7.47009840931709e-05
0.00010292554850820978
0.0001025517936486678
5.8556086126106186e-05
0.00010394366217857302
0.00011835971347161478
0.00012732933077306706
0.0002537903825810148
0.00011694882375794192
0.00013443535581189432
6.822678689834411e-05
8.837366913996908e-05
8.719684807547668e-05
0.00019311347061477254
3.943648670789534e-05
7.628202188321656e-05
0.0009145005967897707
0.0010618304912275338
0.00023504789654568047
2.8392506398599393e-05
5.7771666658622464e-05
0.00018480600430206983
9.317001567026461e-05
0.0006788262654088779
8.951576638398298e-05
0.0010270885999960856
9.594355718485618e-05
0.00028534269985275914
9.376714115835308e-05
5.401884695537255e-05
3.700158736767594e-05
0.00035502539561087535
6.967401133671698e-05
0.00028278760387396375
0.0004555428425253401
0.0009117909248114975
0.003723495813997641
0.00014287120205307298
0.0005874977026389332
0.00022004653765000828
0.0019666231747461974
0.00015032335618343992
6.258934433616744e-05
5.2516096096057655e-05
0.00021900338237784955
9.340336216423258e-05
0.00011758640786729161
0.00014461607402133623
8.837905536716729e-05
0.0005659134142319481
0.001390328164726205
0.0005899357415090529
0.0003050575569919847
0.0013023215652355528
0.0005912808676827825
0.001172964927302189
0.0008463552291896916
0.0006395006145404
0.00016640971935257286
0.0002598599044604869
0.0026920453834327705
0.00030796071749199455
0.00024250808633989097
0.00013307887775622834
0.00020205081829612276
0.0007950667665411723
0.00011313170057800011
0.00010629956141750463
0.00011706375800048721
6.258764260426566e-05
7.800709576452867e-05
0.00012096056147329129
0.0014812475862255045
8.178498141313227e-05
8.212219962600091e-05
9.688866940875085e-05
7.600398417845996e-05
0.0001207260999601226
0.00030072766187528736
5.054956222545191e-05
0.00011501953419141344
0.0001585517271233906
0.00023841139496147306
0.00022997386324874887
0.0001086573770330566
4.8397576399808015e-05
0.00011258145925518431
0.00012330288911192682
7.220233584682982e-05
8.196952771200922e-05
9.216286937032915e-05
0.0001209764338467143
0.00012992611000918326
7.2051642315692e-05
0.00010745360699271553
6.723683602527005e-05
4.0091326513945634e-05
0.0001198327104623141
0.00010035220241397014
6.232272322458919e-05
9.656836082487128e-05
0.0016280358840193296
9.879224592222712e-05
8.399499721473434e-05
0.00012926837058517885
0.00011246240665773771
0.00013168632374439742
0.00013211380549214876
6.713974598708617e-05
0.00010843614380145324
7.238266847768298e-05
3.987938615255584e-05
0.00011303042832373176
8.352061582021383e-05
0.00010739643928600868
7.558035061655005e-05
8.383057750625243e-05
0.00012443151908630843
0.00011551542148707267
0.00012484373374801783
0.00010841708945701936
0.00013763473615590038
0.00011330544112570552
0.00011823442769991679
0.00013890439898673568
0.00013245487275116515
0.00012767813122477244
0.00015671321607437213
9.593868454447356e-05
0.00011876279431229656
9.707323252943493e-05
0.00012761807835710243
0.00013509436547046348
7.898758518621922e-05
0.00010570151719415253
7.586189927832349e-05
0.00013631426915922573
0.0003400426392139777
0.0001568705557119307
0.00490105801322933
0.00012323825087690756
0.000197839623107404
0.00015443817412161238
4.03078555364852e-05
0.00019525686682606415
0.000144681460065612
9.659439024319094e-05
6.661255268976368e-05
8.335360676862834e-05
0.00010650807627189836
0.0001801072750707033
0.0005695907147551442
0.00011260519350592466
0.0001633419662799836
0.00014276723917787433
7.402989035878708e-05
5.779545808845053e-05
0.0001397220480513391
0.00018134140390123154
0.00021326036166890747
9.483954144868956e-05
9.958541293240947e-05
9.688323844349455e-05
0.00013227081985843847
0.00013308341771573476
5.1035835065259626e-05
0.0001562698415996622
0.0001066221288950262
0.00010238126898251433
0.0001348198305140448
0.0001563983473854109
9.192581648236669e-05
0.00014721934108392578
0.00026761934114886065
0.00010666839980748682
0.00012004453984972027
0.00011725935656113218
7.309186566646677e-05
0.00012065391644356437
0.00012376660892480913
3.408839176965979e-05
9.556576707051427e-05
4.643399657045172e-05
2.5853616896232246e-05
0.00010198694621905108
9.195542269867565e-05
6.992438317153823e-05
0.00012493255334211298
0.00010970892100393626
0.0001263460721117731
7.3290356075309e-05
5.035177952711197e-05
1.5482520605743216e-05
4.0813379885565744e-05
5.3799536080096e-05
0.00017167188432792453
0.0001260915170342861
7.432227085237999e-05
9.5967886225811e-05
0.00016334499419963847
0.00017005225159935256
6.335423240422675e-05
0.00012879428135787295
0.00014863125514883078
0.00020832924933934872
0.000109159412545535
0.0002867556788728802
0.00011503637774505102
0.00011107742054331478
0.00010464438568897693
0.00017176099040085694
8.129506304218359e-05
0.00015456803302190723
0.0001784447621363004
0.00019308135654268159
0.00011613428285794412
6.140388535018883e-05
0.0001065525222055244
0.00011990116895211097
6.077189253305322e-05
0.00012380486166992225
5.775555116283935e-05
6.403451737483994e-05
0.0001245819910384756
8.472774517021373e-05
0.0006184701899343519
0.00013206962937430946
0.00011394810810022475
9.758697475393066e-05
0.0001403284072981923
9.869608110383775e-05
0.0001640914476388876
0.0004611262076914675
0.00018241727134218227
9.693559992483116e-05
3.5057474583671894e-05
0.00011150212503401369
8.067854404157286e-05
0.00032257512962229767
5.17754054902626e-05
0.00019532842460368935
6.293724211259139e-05
0.00014143362440541556
0.00010323862304777662
0.00017352207177140762
0.00028500283068478617
1.7030629627769387e-05
0.0001444800313476562
0.00024174248188854925
0.00013391109202866717
0.00012895802291789667
0.0003784440353485822
9.261347826285372e-05
0.0002873013319594376
0.0002882093145930663
7.179080881743341e-05
0.0001639450320738545
0.0003248735950378862
0.00023306701036945787
0.00033903880455745105
9.092054226108391e-05
0.00011889319239427201
0.00019671546569986805
9.648967723826553e-05
0.0001281116163504405
8.786987255966883e-05
0.00018588370106862215
0.00014467468286043998
0.00015532324875635906
0.00012078569356723433
0.00011358364734708635
0.000933757863297812
0.0002276002346031429
3.6960662613713544e-05
3.7654058174927754e-05
8.330304707475661e-05
0.0001375430389409131
0.00017195096056474675
0.00014016007784544186
0.00013523453298101734
0.0001799272322222852
7.151116105976339e-05
0.0001053246974930662
0.00027808676314530057
0.0001772721436198953
0.00027856505018201126
0.0004167150368496083
0.00022492734824872953
0.0004952498822102461
0.0001963658507617444
0.0001613531325634928
7.447835816647493e-05
6.63704573812243e-05
0.00015495242987665964
0.00015774233776311305
0.00012117981835406267
0.00016515918718766582
0.00011861207978864169
7.141806610091645e-05
0.00013115508959707234
0.00015842445102129616
0.0001119366488312767
0.0001074720830305652
0.0001161374148693196
0.002491685779467817
0.0001531152197267301
9.005051824909616e-05
0.00011204710845240682
0.00010764684725062683
9.332234677746007e-05
0.00010421617298294816
0.0005540135200606169
0.00015573073799594845
0.0003676602292148916
0.0001489959513882633
0.00011971951648781215
0.0001265626644043438
0.00017820274118546372
0.00010899095863197319
0.00018669091677275771
7.610121519506162e-05
0.00011466899290950737
0.00013901354620069384
0.00020723092841739077
0.00017363774560886312
0.0002861231960755677
0.000219608159419244
0.0001548982209852865
0.0001382662398371828
0.00018116084521396973
0.00012507338102185793
0.00023151052710944177
0.0001649888981646495
0.0002188214054113803
0.00023312523647021278
0.00012680088584152827
8.515868462329999e-05
0.00014512270533033678
5.092320637789768e-05
0.00010833539403008442
0.00012924776361095933
0.00013378890430947843
0.00028652119521981566
0.00011459544466639093
0.00010847564834636244
5.7130421694760616e-05
0.00019889215545458754
0.0001694868921081985
0.00014445377614828402
0.00014374221863784
7.61110298204378e-05
0.0008575305701590708
0.0001077424480975614
0.0001319784990674937
5.987493902986709e-05
0.00018603773413577852
0.00012585852625422177
5.843640610806813e-05
7.560265457335632e-05
0.0001542079057332288
6.481867120233097e-05
0.004358850660756932
0.0008557734359174829
3.737552566859523e-05
0.00016374053074287668
0.00035675119957566436
0.00013640141998261883
0.00017489581070621478
0.00019311477500934214
0.00011726380998892724
0.00013788842045740388
0.00012954423752122759
1.955029147614138e-05
9.133989931620558e-05
0.00013007808041523707
0.00012066114488471718
0.0001810696148638574
8.207190591443222e-05
0.00011465518297699574
0.0007058181392944574
0.00013126926274400035
3.334380157944472e-05
6.223481856790733e-05
0.0009398561163467383
0.0001080396111055784
0.00014012210518613472
0.00015397005822531378
6.253386826577813e-05
0.0018655932128061406
0.00014689328864822725
0.0003998045171372098
0.00014723112962473833
0.00012575117049847033
0.00010644618225186599
0.00011552021914751214
5.6028475151775916e-05
0.00012179887615100498
0.00013665597507559883
7.758279194386562e-05
7.605668371910627e-05
0.00014919835630293948
0.0002944112810668288
0.00017662938301710616
0.00011839722872869477
0.00023530927611054567
0.00017243684855099397
0.0003115822487642997
8.756828886707455e-05
0.0004008370938303471
0.0001386999074513219
0.00010350972962967683
0.00013537765008834522
0.00013578028796343454
0.0001281663710733536
0.000122161628173018
8.001810884058165e-05
0.00015913423577742087
0.0002320776109078908
0.00017967293779059073
0.00013818925672000367
8.629907518509747e-05
0.00014849451261252384
9.644129449877405e-05
0.00010597002027599397
0.0001353727168054166
0.00012336236101043228
0.00010803098340648754
0.00012246579502094403
6.442064612319571e-05
4.64153053378777e-05
0.00014707689327940354
6.869300700572284e-05
9.494308748764825e-05
0.0001292898388354249
0.00010689498903152005
8.568643016850622e-05
0.0001361721705186536
0.00013355245683997332
0.0001713411801401563
0.0003458584899241642
0.00014129595941241038
0.0001424152032197336
0.00021755837345989882
0.00014816666841496523
0.000138029696964574
0.00011167078572676552
7.999340437104434e-05
0.00010082513231243999
0.00011561049022810224
0.000114015280651541
0.00011154225963488156
8.718937797468272e-05
0.00014274237270897556
1.2475984406465025e-05
0.00010447352609824226
0.00014147451861226044
0.00019461224828995632
9.847128761726785e-05
0.00012055721204164172
3.5479252513642405e-05
6.968807225287468e-05
0.0006795131998949836
7.618916487225268e-05
0.00022262090486154938
0.000196720946175178
8.55650193063462e-05
0.00018904435995156115
0.0001887158826131916
0.0001408448614839585
7.930965176665061e-05
0.000161930538007532
9.451677257382837e-05
0.0002526148137931523
0.0005391929813685572
0.00027296320521916624
0.0001928017270557334
0.0003305864139057491
9.513737662626921e-05
0.0006114178753905662
0.00012228903685000718
0.00011594271033969505
0.00017730847505328682
0.000183542840570834
0.0002169589686272137
0.0002260987768123228
0.00013854304313711755
0.00014756746966539087
0.00020040654914184035
0.00013300322037703403
0.00014072322290106638
8.230056949772117e-05
0.00016118320041397634
0.0005231232551727117
0.00013321806429469532
7.835843798386428e-05
0.00012314455620394748
0.0002210639851430333
9.101111420340315e-05
0.00012625945544415812
6.029042446657388e-05
0.00019334781824371399
0.00013350058259717248
0.00016446850494176166
0.0001690684752262661
0.0004512511398999995
0.00016708148005112008
0.00025709075843075014
0.00011826545893564228
0.0003864942648466286
0.0003853143896291975
0.00028772153768066156
0.00018106699783675533
0.00019184369416084783
0.00017213487557945134
0.00010081701309750779
0.000231019595825778
0.00017084589248471318
0.00012147023780947545
0.00018274189573853718
0.00014603946462217864
7.63069250158401e-05
0.00010773465054193758
0.000225799794898058
0.0001357991966488563
0.00015772325667043075
0.00023156611678778327
0.00037328390924344136
0.00022950802609485155
0.00018040524369686872
0.0004476752729701248
0.0001872364074876347
0.00011563254644125553
0.00048573573212744303
0.0001611367934521525
9.951690971911474e-05
0.00012449711369965158
0.00019221963691448658
0.00011695354300077061
0.00013604447397466525
0.00019393789552267916
0.00016035868182829463
9.016735128172272e-05
0.0001963178550709802
0.00010067870146472507
0.0001181599594430227
0.00014120170268986924
0.0004229017818892153
8.692642838516218e-05
0.00010379644876059237
0.00016702477380268352
0.00015261745714133807
0.00014734817369896678
3.188331264637601e-05
0.00010939796683715944
0.00011644765010424754
0.004480243471235373
0.0004054245498948585
0.00017117279357625146
0.0001329231164814063
8.437479916213473e-05
6.268435683098915e-05
3.198657654456005e-05
6.763895617383278e-05
0.00015153101280774594
0.00021211471257983895
9.674884261461133e-05
9.022278808883354e-05
0.000477917820009622
0.00013993836196119074
0.00011869616742016389
5.924378656513817e-05
0.0001600168525143713
0.00013213008643525717
0.00013865013542210822
0.00015273333711870722
0.00013195536677834034
0.0005325644892512063
0.00015909367079114568
0.00013961296154789914
0.00016147870995702928
0.00010901926068080731
0.00010493721598933459
6.756213621559531e-05
5.601196792364946e-05
0.00014015912136852168
0.00018624243622510016
0.00020270192020929655
0.00014037086619731083
7.886341652037253e-05
0.00012051129856770977
9.518368205737004e-05
0.00016603778241927134
0.00015454490032966448
0.0001009987274435704
7.335211686211842e-05
0.0001205392893515474
0.0001861972976019297
8.869577750553873e-05
0.00017119527158999124
0.0002398710442222738
0.00011539732979696028
0.00011632997686002415
0.0001521986146152642
0.00016861650607207673
0.00012993484993871688
0.00013564000240521106
0.00012420978920830896
0.00015049128434156193
0.000190719962998198
0.00015652944209473078
0.0002408409600604698
0.00018066328665052625
8.682540409380259e-05
0.00017027055037102678
0.00019388296042764942
0.0003414550961837699
8.145812268071047e-05
7.741069679007753e-05
0.00013257731977038036
0.00012671381571596751
0.00014357495569562175
8.826298043475514e-05
0.0001392863983986184
8.224291288252846e-05
9.108331600928473e-05
0.00023226954608472123
0.00014158136432191492
8.48123156388797e-05
8.674509079160118e-05
8.627503935288598e-05
8.137709339653084e-05
9.08535558918569e-05
0.00033063150234122635
0.00010125064265779616
0.0001215918308164144
0.00014239872513981038
8.078967039252908e-05
0.00024320078055794538
0.0001533934916937223
9.509103968370004e-05
0.00010960573847768885
0.0002163533188298521
7.267602833213049e-05
0.00016462923993586898
0.0002276134536895796
0.00019199641836380177
0.00017844234259664114
0.0024752276784930963
0.0001406086923968792
0.0008696899179383035
0.00030562297219740366
0.00013004970963256883
9.693099078070478e-05
7.850316206777206e-05
9.493752666077868e-05
0.00011645878807338962
0.00011194648572041047
3.620930582317259e-05
6.466347300526857e-05
0.00010268784440198785
6.791399550844946e-05
0.0001636391507394456
0.00034432607053075696
0.000522949710385513
0.00015780853970128464
8.736745957255298e-05
0.00015868736525368347
0.0002283146281567321
0.0001265574042457055
0.00010526185142471703
0.0006144392781422289
0.0006457741796490263
0.0005123729666716065
0.00013135447742009985
0.0006424127132569049
0.0014883519308132656
0.0012794131509990874
0.001356759703206983
0.0008489786418355096
0.00021348898553174702
0.0001830534010860336
4.066618960699724e-05
0.00020890851320628495
9.75067198824464e-05
0.0001239935585869063
7.889654204060341e-05
0.0001897679030201293
0.00016643073196700558
0.0004942002974148207
0.00101935356880207
0.00031938676495015856
6.596655711616814e-05
0.00021055812292804482
0.0004863247743782306
0.00029523810783966425
0.00020833381461940164
0.00023742643741528406
0.00010683869500178576
0.00015668847866382498
0.00011645529031271812
0.00015464112918892576
0.00011861764108210635
0.0001847674049684199
0.0005489468875877164
0.0003373805281246961
6.955952261602828e-05
8.534797227340402e-05
0.0005108809736383989
0.00011926454332528234
0.00013321000951511817
0.00023664394658996692
0.000313604151565187
0.00021939120105338462
8.547475928683516e-05
0.00017160457106900155
0.00019204777905858133
0.00020067844243459168
0.00012182533605874571
0.00021206350006609486
0.00015357711003298886
0.00012483834514688498
0.0001123982538422678
0.00012628517688303905
0.00014969143434362804
0.00016091443428297255
0.00011923346678067069
6.854605530726286e-05
9.652632563172778e-05
0.00020139187092174296
0.0028531735009385624
0.0001351300190282296
9.914857623668385e-05
5.6271639863387336e-05
0.00013626517332271281
0.00015955200969585784
0.0023476140683152884
9.065960858750956e-05
0.00015016842435725496
0.00013421463239532002
5.153951929631707e-05
9.06144697947837e-05
4.7504656652994896e-05
0.00014866626890659525
9.365829733824116e-05
9.26538400632789e-05
0.00016243365678594038
0.00010741560201887316
0.0002511310104008835
9.282713144654345e-05
7.775486798019461e-05
9.356801424597182e-05
6.590386874796339e-05
9.482179759439276e-05
9.977679833984089e-05
0.00021265169494708505
0.00018026574596410433
0.00011516562591942965
8.193112360235563e-05
9.293037144073942e-05
2.039930250588529e-05
4.8597080139499883e-05
0.00013580409084618735
2.7054227619432843e-05
8.178312346032249e-05
0.00010013797259098718
0.00017985400788985513
7.400689921784635e-05
0.00011879238261778936
7.033257106234494e-05
0.00015181824957381522
0.0002358758594227868
0.00022807913180095314
0.00017220236066499742
0.00015140225139351378
0.00013266618391989706
0.0001314927831666746
0.00013672024366139348
6.389128762806526e-05
0.00019613972559723815
0.00015284799593965023
0.00017771703102521978
0.00025283203423680884
0.00020017179984454188
0.00012372618566301055
0.0001523843309074402
0.0002866038453703693
0.00010678980438668215
6.641098639302009e-05
8.788448847279569e-05
5.5654353911197114e-05
8.679309414488206e-05
0.00011133601777351427
7.132365754255944e-05
0.00014335897789139533
0.00014037445578931704
5.026725916099627e-05
0.000130789663042902
0.00011270543464147042
9.788908110212497e-05
7.310659161076274e-05
0.0001647440086590258
8.468171879997848e-05
0.00012892898622810642
0.00014120214850338363
0.0001127137055114117
7.103229715704485e-05
0.000184754334334673
3.369494230851571e-05
0.0001144175271003997
5.474854570014211e-05
8.853936201220584e-05
5.8114145884756464e-05
0.00015758046234437523
6.855971918814837e-05
0.00016607957857098558
7.618617881508632e-05
7.600318044359854e-05
0.0002089113268063469
5.465731212060293e-05
3.08085823618014e-05
0.0001125362914796977
0.00013528341492577133
8.778051985991395e-05
0.00011732924318501874
0.00023742299379842871
0.0002344211904018168
0.00013095118126662202
0.0002716525279671932
0.00028677458770440565
0.00022864256170021996
9.261427349515811e-05
0.00010853173545144824
0.0010647164006612863
0.00010700878501659604
0.00012902303986409136
9.310536164493481e-05
0.00012000851034977899
0.00025056777479136116
8.013237479839985e-05
9.509519043069836e-05
5.961974653983476e-05
6.339979060979175e-05
8.504046854765991e-05
0.00011351491007333588
0.00011927372969283168
5.321822611062959e-05
5.110737476683318e-05
7.290293051190778e-05
0.0001251986622166977
0.0002037762728085664
0.00016180011759358545
9.238018058217078e-05
0.00010137136873416743
0.00036103254418044307
0.00015806061374538404
7.677040558609815e-05
0.00010950724384405917
7.303579745705545e-05
7.387540101373184e-05
0.00021990900641413676
0.00012698893445238559
0.0001283765279320184
0.00021684013626056234
0.0001525187898419837
0.0002475254546603429
0.00010139591378180729
0.00011898871206643665
0.00010891430720392072
0.0001927899504253318
0.00010012177027711823
0.00012629516370461641
0.00010874982762437668
0.00016634291137603948
0.0003014047604303304
0.0001789605926613785
0.00024904708727738575
0.00013642980467768977
0.0001921660176580512
0.0014050136935726874
0.00022744247716068787
0.00014197557228176733
0.0001336806699435377
0.0001245230894164293
0.0002777463102994031
0.00014556134142204856
0.00039105222693699315
0.0004816327369878154
0.0004196521018729775
0.0002288750834582163
0.0010848044485925956
0.00015575773427917654
0.0011500465909721348
0.00010039304302679605
7.4653703728261e-05
0.00015236971733807657
0.00010265594669199347
0.00011353815752992724
0.0001468217856071775
0.00011540090414433561
4.8325546207415766e-05
9.030475731248282e-05
0.00010661025628364387
0.0002240572808334092
9.432893982396812e-05
0.0006125899990734822
0.00013890974494244537
0.000356188771562151
0.00021932180874172617
0.0005625690826205684
0.0004758706637710456
0.000495268076397512
0.00014244885388318943
0.00023450373907315283
0.0004437097198543891
0.00014326466450840494
0.000197707705354563
0.00016563648977799852
0.0003143795089173299
0.00011003268904180971
9.01935271851816e-05
0.0001246266886815072
0.00010507658508185718
0.00012178671865596139
0.0002606135109746069
0.00024754257415264617
0.00012998006289076182
0.00013108946396761927
8.013152407486911e-05
0.00016676964211651053
0.00011171430311524123
0.00014601284846106627
0.00010508200002603556
0.00014310699730380879
9.638925174756893e-05
0.00042112930329757923
5.498466786110989e-05
0.00015682376498403654
0.00010903054358050016
0.00010794880124855853
0.00014049580902113375
0.00013548178163734134
0.00023677221125737306
0.000258393728630699
0.0002101312910848763
0.00016449964417272956
0.00019257380631457677
0.0002669730510821501
0.00044627445974055474
9.579940015902427e-05
0.00010795558659359483
0.00012644920344652674
0.00012075117354381449
0.00017799579701912268
0.00017093115741960056
0.0005907841260333744
0.0001664290432526491
6.085889096370041e-05
6.829307188064551e-05
0.00014171330695234613
9.275693966633436e-05
0.0001357948331013975
7.526739312502222e-05
9.778530168348551e-05
0.003191081081703535
0.00012688648281638886
0.00015121950529229348
0.0001115429126531103
2.3766789730080754e-05
0.0001221554397336571
6.605922471645048e-05
4.321270594366862e-05
5.187227833951917e-05
9.049671408730466e-05
5.700647890288861e-05
0.00010580184190135634
9.666778746984857e-05
8.374059120331327e-05
9.61741183883203e-05
7.904918055515639e-05
8.627332303431293e-05
9.459164410036511e-05
0.00013761982172141515
0.00012239437466948097
0.00011575369178653627
2.0084095731224508e-05
0.00012790898001294556
0.00026673355883657555
0.0001156382063776557
0.0001285674947174054
0.000145700979791675
0.00021379880736512684
0.00015155865667640234
0.00010438081560857527
0.00020515239206587464
0.00021053062499010205
3.024233686769293e-05
0.00012997468986732612
2.1723811372509258e-05
0.00011358226439954917
0.0001155740208675229
4.669804905375868e-05
9.908833828776105e-05
6.167706289077992e-05
0.00013294993285066855
0.00011889692011013467
0.0002113974221764809
0.00044017017269039105
0.00013086481015169637
0.00011070064887032744
7.757381540194689e-05
0.0001773953305134483
0.0001252187490659628
0.00017571579685379848
6.846379412005683e-05
0.00014110691699469285
0.00011435571660410398
0.00010731437107354697
5.892790043021557e-05
4.551487446627391e-05
9.169880639412063e-05
8.770185573308024e-05
0.0001403427264160536
0.00013177850070016564
0.0029661746564644416
0.00010364032200261976
0.0003189364435983892
9.047414792870012e-05
0.00010607783061130709
0.00017332560603236527
0.00020745285232347518
7.585419555450227e-05
0.00014439033485382364
9.226766654967166e-05
0.00019647144837308287
0.0002705348922192787
0.00010075135611768819
4.41909175314871e-05
0.00010799517647484851
2.9441025982755615e-05
7.127989488294984e-05
6.472425749069805e-05
0.0001922665798330047
0.00012668850822231467
5.598369582653946e-05
7.656225169902771e-05
0.00010980320019905824
0.0005202107235998015
3.439594143637006e-05
0.00019258168759726267
0.00013455464291564103
8.549834256563486e-05
0.00015716347035864945
0.00013624407172969544
0.00022957679673281324
0.0001083340445625159
0.00015942100082727141
0.00012318099695131458
0.00014805896324636804
0.00013761378043646702
0.0001963279018595417
0.00012263466647359104
0.00019214359738946573
0.0001748514595271227
0.00016813251610839353
0.00014166466147944685
0.000375698180258654
0.00012043933478805775
0.0004318506986743056
0.0002045638087328655
0.00014357820825612415
0.0002566612397331628
0.0002158635687696845
0.002010345658610209
0.00021138106456044915
0.000670642734524727
0.00024182865081176988
0.00018468199047790986
5.708558011814299e-05
0.00012940304635548078
0.0001297561731416144
6.743587680334668e-05
0.0001497944925092202
6.655117212703788e-05
0.00019390879643699243
0.00041836684819999194
0.003433881935730926
0.0006152059539685889
0.0006959831861247521
0.0005464800290792312
0.0004345151218196689
0.00045409334919584913
0.003954571497722332
0.0006709593729196194
0.00013960758504204197
0.00013632201377823268
0.00017068480170148414
0.00024668955981325323
0.00010261669812221217
0.0022337956948551806
0.0001474645181245981
0.00010281244151508438
5.6697844048115976e-05
0.00022288617618169125
0.00011056195895730091
0.0001588438867306015
0.00033450142912253526
0.00015928280031053446
0.0002866434378243434
0.0001671719882638067
0.00023571253736724945
0.00015421600107607167
0.0003421754220513416
0.00025979663872408097
0.00030300140402139713
0.0002439008446590266
0.0003037323179097119
0.0002696482856699065
0.00025689896672041767
0.0002295665102215426
0.0002152950202242257
0.0002393009284719785
0.0001414014590513283
0.00016338820795826488
5.924199715391502e-05
0.00014505896392094677
0.00017375725766054874
0.00012290705658588513
0.0001589923513639771
0.0002002631300388949
0.00010646141428186711
0.00011057257510695542
9.091817659781996e-05
0.0001348153849102742
0.00011574823316118025
0.00012443445287727578
0.00010069394436671789
7.457042012880441e-05
7.754280209805949e-05
0.00017457845400766918
9.839382115798917e-05
0.00011897278914611553
0.0001509848794767015
0.00016224766530865378
0.00028110663205426433
0.0001244761528610463
0.0001593322661563763
9.064183775444496e-05
0.00010831800857546754
0.00018352005384193002
9.862915444144681e-05
0.00012918868002450375
8.782253377424545e-05
0.00015134608028628016
6.020361881640873e-05
0.00010559132855969882
4.269417646175221e-05
0.00011760451111562281
0.00012933979600813957
0.0002434568557353891
0.00010732952595129376
9.551716363871693e-05
0.00015513947390807489
6.670041493251824e-05
0.00010619467385454793
0.00010820750364149804
7.485078123190916e-05
0.00012154805143721551
8.942819787821205e-05
3.3489595218159426e-05
8.84884050609949e-05
6.0575467372588624e-05
4.878385790961754e-05
6.460876756547348e-05
6.767353689463446e-05
0.00013914882798085463
0.0002027419059368592
0.00010995223199866487
0.00017567360511464223
0.00021914079482775978
0.00017094780291886352
0.00013707781199739417
0.00015076658146783223
0.0002020096756574424
8.200431114790767e-05
6.098388701028475e-05
5.419595769918346e-05
3.032173028671944e-05
8.686117373676789e-05
0.00010623296604662579
8.35104660215808e-05
4.794687004592457e-05
5.4432561107419707e-05
0.00011949792588876252
0.00011357646799023707
0.00011831521680668692
0.0001601450356914672
0.00013632138938009423
0.0001656794106067243
0.00012920605486803065
0.00017548219822870667
0.00013033637009097508
3.67887280311105e-05
0.00014891744166791186
3.567405475080342e-05
0.0001512360921645273
0.00010475461890103237
0.000196079651680659
0.00016250054411086646
5.312806692450965e-05
0.00015094853608833082
0.0001678190424308526
0.0002574182421717624
0.0001426790751660053
0.00023434561158036126
0.0002834196969493127
0.00014771123391609718
0.0012196040849720385
0.0002762891886611663
0.00016545020363747172
6.885349760095972e-05
0.00011288347047990771
0.0001742093397511044
0.00018956708814368028
3.254219908080016e-05
7.468205978087501e-05
9.259455792674662e-05
7.054695734326476e-05
8.553876758801449e-05
0.00015262379626228365
7.510902056845252e-05
6.56497081895209e-05
0.0030682301477378084
0.0001307972519867321
9.89089100469601e-05
0.006866873408520396
8.648656514443803e-05
6.365600958784749e-05
0.0002959702692245607
0.00012839654049160261
0.00013735035560722417
0.00019843153416081568
0.00016971112801827837
0.0001504039854896944
0.00012053706514566366
0.0001859675684774539
0.000184402512825384
0.0001533008727757599
7.580415623932795e-05
0.0033221022666420643
0.00031191870917826305
0.00012932175892775986
0.00020739074287853628
0.0001487894276970194
0.00014862728568624625
0.00014298965241378017
8.89911971475651e-05
6.974652375433147e-05
0.00011957073755801223
5.1952093946747144e-05
9.945208703896059e-05
0.00011443457360460934
0.00011108847410969992
6.954404827703354e-05
0.00010230029680574388
0.0001475820464453991
0.0002713053822120117
0.0001413141852416117
6.635569971173858e-05
5.0535513379470455e-05
0.00023474893279337115
0.00014857291865194857
0.00012205048225300271
0.0002281020158256594
7.886373504159917e-05
0.00015118638426890723
0.00011881246470401577
0.000631528808007138
8.479560715830263e-05
0.0005975346999643724
0.00015722107196033746
0.00026727590946362987
0.00011822836738205016
0.00012126851101337564
0.00025020974928257516
0.00010267083903751319
0.00014041183983899632
0.0005191917730131919
0.0005661705889406402
0.00011554074604138201
0.00011110889596749119
8.087449445373127e-05
0.00019210401568579513
0.00014890984159028134
0.00031614100751987674
0.0006069169707840364
0.0001854245760451926
0.0001643853860677174
0.0002002046598492964
0.0001869394992462839
0.0011556566458189668
0.001173073053157897
0.0006973769233508547
0.0013490278864583744
0.0011395742012441864
0.0012787428011778886
0.0015367852471464092
0.0022419401245414934
0.0012259120982580092
0.0003383370867457443
0.0001253494581035464
0.0005011811211379835
0.00014230735235935932
0.0001253716661866624
0.00015098784093117875
7.553996701810643e-05
0.00021483536567761772
9.101306728459285e-05
0.0004939818051074295
0.0004328806347734521
0.00021421169435159186
0.0004425519046134361
0.0004259463628720485
0.0007479016500596003
0.00043423577665307843
0.0010901339117803182
0.0004130466938668473
0.0002887318896660863
0.00015487909732185277
0.00033459823404629024
0.000124808763780974
0.0001732433679288124
0.00016869796282020953
0.00011601766323996991
0.0001801361659769879
0.0003261554763809269
0.00013218252306769308
0.00022251570886562685
0.0006202671988538872
0.0001586125841050046
0.00022553371369439136
0.00012685361210881547
0.00024785151761999173
0.0001744135155641229
0.00020745830578338504
0.00015362623276190642
0.00014504890273534527
0.00013110398568570703
0.00011929721372949265
0.0001608833870471997
0.00020234146877982781
0.00022053645113930497
0.0001340256339610037
9.282384581593483e-05
0.00012674181397599494
9.505736939227837e-05
0.0001357793014002427
3.430870363047311e-05
7.419386565323311e-05
7.36945643307769e-05
6.37434643235309e-05
0.0001139335795439523
0.00012579781254453762
7.758069538910085e-05
6.332573575733691e-05
0.00016218500837231604
7.136556814912012e-05
8.98788582786276e-05
3.692337399873803e-05
5.385540069758297e-05
2.7245992174469988e-05
6.747850501781228e-05
0.00013473306315408783
0.00010501927045646327
7.099554952687276e-05
4.884204813429532e-05
9.276795526506815e-05
0.0001521291420012119
0.0002453203832599171
0.00015144729217874387
9.706205583768456e-05
0.00010559049345528629
0.00016164521228985041
0.0001578144581576254
0.00011585135455214033
0.00015945802347815469
0.00013698933125118128
0.0002446224304063243
7.125032855563396e-05
0.00023875965623783394
0.00010924069045598287
0.00011627437161318246
0.00014816053944469387
0.00013565772426386345
0.00013650897683194473
0.00011487708835221957
0.0002086243686853213
0.00022378153204931662
0.0001135828625860703
0.00011565808510389206
9.783986465414033e-05
0.0005024939996657079
0.00012182641431785
9.83213182469428e-05
0.00015568064766155001
0.0004385677760865276
0.00018886938662787968
0.0020742834043934203
0.0001968458816168252
0.0001031587798997548
0.0001240557422216307
9.233987246410026e-05
0.0001657031973493521
8.145856597990119e-05
9.551399096320324e-05
8.625323620873972e-05
0.00012715193368737445
0.0001192794641813062
0.00016159857217904047
8.219539828210818e-05
7.149611172214746e-05
8.462036639886952e-05
0.0001708730788612677
7.761551173363312e-05
0.00014556419997779901
0.00010230840991244251
5.679374956808534e-05
0.00013955454324732997
0.0001615820761732412
0.00011339819632932621
0.0001913312329541844
0.00011959432006843171
8.605158586136172e-05
8.759684229477258e-05
9.482316264344217e-05
0.0002232945489197724
0.00021965624995930557
0.0004022272975958366
0.0002908328047938111
0.00027666603964131406
0.00025426030455214557
0.00022779379457687864
0.00019960491135259084
0.00027018434864681294
0.0002345939359390662
0.00022420612371832024
0.00018854094678115872
0.00014358527461087278
0.00022031871751753855
0.00016694379372213412
0.00018559787885846934
0.00012867396585915632
0.00018568959128979803
0.0001523339990357647
0.00010906337836851109
7.004891631672286e-05
0.00015586629600871865
0.00011431681147429169
9.705720028772684e-05
7.72036553146262e-05
8.046306050245974e-05
0.0001716729949873577
9.997165750872267e-05
0.00014517263920619898
0.0001054715250033949
6.642961303392913e-05
0.00015467395454096377
0.00018844204914703693
0.00011343744259131775
0.0004344391166275528
0.0001355729762376016
0.00014563430763180326
0.0001384255003172531
0.00022410929523022203
0.00013733455119648464
0.00014204545271025406
5.932115388829436e-05
0.00011578031586162462
0.0001962511839577212
0.0001440587862505644
7.034547065506575e-05
0.00040265307675005954
0.00011936728991008163
0.00017164074654402671
0.000323680274852236
0.000635820962347733
0.0018233562447171436
0.0006555497582552722
0.0001279605576589227
0.0002077798838743868
0.00019017916135489487
0.0001125423201713848
0.00015466659166617834
0.00041215602533315983
8.179968640110161e-05
0.00017348751756850195
7.843819207918399e-05
7.106039235961074e-05
6.15516319305445e-05
0.00013542920584624964
0.00020118914470812168
0.00014496900072248433
0.00013794415159375887
7.353097285637763e-05
0.00024175596346985692
0.00044420751808773126
0.00029529314442984376
0.0005934792513256722
0.0003076349898594221
0.0013503879294194273
0.000250195250120697
0.0002546631392080764
0.0001150144037913487
0.00018512603188714432
0.0002329438996674294
0.0007450884735963322
0.00034757470549280417
0.00029673212065229606
0.00013519203690292252
0.00011383470148453236
0.00014144623714860296
0.0001411911741620127
0.00016960729298672375
0.0004289888206673199
0.00025952619717411357
6.57967206754827e-05
0.00022466330901995996
7.932289021491517e-05
5.3714089880578106e-05
0.00016509890271054417
0.00013026446340005154
8.908989205756321e-05
0.0002520607977686554
0.00012797300979219587
0.00012432548442783744
0.000171716269004599
0.00021607228675255257
0.00021717531117294508
0.00014137118971331518
0.00016827430274678163
0.0001682252106578445
0.00010100034716156817
0.00012875011734085054
0.00038460797360744605
0.00015498534157367715
0.0001730139995109972
0.00015336833465320418
0.00014369364918394675
7.306153584788891e-05
5.43669938880349e-05
9.176330767108747e-05
8.501390792337965e-05
6.994757778099452e-05
0.0003203164002338453
0.0001116960007416617
0.00010252840434380156
5.431725721416056e-05
0.00015964709881128873
8.537403394585097e-05
5.3873296686255035e-05
0.00011450809294581228
8.168052558654961e-05
0.00016590189192232957
0.0001309479205312329
0.00022741395496161265
0.0001091797999877092
0.00012439640989673944
9.720206908547773e-05
0.00016925309458350196
0.00019537678746087855
0.00024176104404286382
0.0002621828061415388
6.476514950882079e-05
0.00016078863838648872
0.00017582869550036268
0.00013415615760362012
7.109965347899465e-05
6.1837192769949e-05
9.819890347410648e-05
0.00031959521321462336
9.719761860475803e-05
7.388009206125377e-05
7.330307515608593e-05
9.369402969633307e-05
8.94704551454695e-05
0.00014121266768434896
3.278852027927908e-05
9.136902385189387e-05
4.935720149600899e-05
0.0001783349044514293
0.00012171737398163247
7.8291836112176e-05
0.00010163973089707204
0.00011852602892244161
4.8787295713162486e-05
0.00018915437981191916
0.00015195128695056338
8.228839996783393e-05
0.00011195698318890369
0.00018310767659539552
0.00024150614734549683
9.25334259648909e-05
0.00012836718383130708
8.53350037973442e-05
0.00019691080084225095
0.00022418713872985645
0.000200721664791296
0.00020010349171752955
0.00012187408762561471
0.00011811103722963185
0.00011500452269859116
0.00011674324923819779
0.001984531284269157
4.714452741520964e-05
0.00011892009445531939
0.00014404860148947737
8.825052723665466e-05
7.280768466966028e-05
0.00017203589329139066
0.00019304151486891004
0.00014822626950070243
0.0001369938369647585
7.890143400505945e-05
0.0001073380934570942
0.00014463714351333894
0.000234408056107034
0.00019192754128370215
0.0028475537689071685
9.829099994516767e-05
0.00022640855963233282
0.00020582049633589543
0.00020871245373393883
0.0002266545207791591
0.00013400322324800423
8.412722957003303e-05
0.00015239945618324906
0.00010698895794590133
6.03287310080043e-05
0.00012312053745728782
9.712502483684325e-05
4.957575007783881e-05
0.0001585197816574709
0.00044501248066158546
0.00016109223913501178
0.00014681434195467564
0.00018259726361946426
0.0002287574228848456
0.0001922596793625075
0.00011652852314002507
0.00018569881194525865
0.00022569401811224716
0.0002380470824750004
0.00010584116885323647
0.00015531828799243878
0.00018825367780846505
5.550342603635873e-05
0.0005748269422008972
9.135067629154783e-05
0.00010339077736698113
0.0003752515018109485
0.00010493497890893027
0.0001227729418677577
0.0001373494151372344
0.00012215048916583115
0.0001749933710260639
5.869107294625233e-05
0.00011368611623327059
0.00012966482303476405
0.00013839312226699847
8.198727054095578e-05
6.753765360182797e-05
5.392401502949813e-05
6.161321132423644e-05
9.408184005905004e-05
3.848024827975218e-05
0.00012376077932556293
7.474814189377217e-05
0.00011405251092642058
6.964651564867975e-05
0.00013740178640106538
0.0004924204635376596
0.00010357734660095973
0.00011331207748462066
0.00012479323209081038
8.074189406862392e-05
0.0006573967850391297
3.28267763337892e-05
0.00013467140986804388
0.00015361794035909988
0.00017680169037706875
0.0001573623949232537
0.00012739254454025402
0.000360667622977054
8.485085260759583e-05
9.305109698643863e-05
0.00010591226963153307
0.00021180932317229375
0.0004947847494294472
0.00019689380758694387
0.00019669031103742673
0.0001279066193512994
0.00024304626882336598
0.00035171985930894086
0.0002048333806870319
0.0001729800311447818
0.0003562922706798613
0.0009233577626159782
8.311780574260383e-05
0.00014014334157184363
0.00025416234526106745
0.00016599994954586
0.00018262166798429562
0.00010845066094662986
0.00029039821269412363
0.00022679068012543973
0.0011839194100106889
0.0004127692949922444
0.0013515538942095063
0.0005296803329141394
0.00045850319765727013
0.000743427155665643
0.0007552788401183332
0.0015418727584524108
0.0005354653956056186
0.0001319102968994448
0.00036483025518971497
0.00019033543183679343
0.0003017534254436357
0.0001635584092732952
0.0003164131985937573
0.000214511018006367
0.0004077070522065224
0.00016522497243384656
0.00019836790083134219
0.00011908536080498763
0.0004547255739099019
0.00017097619130800233
0.00022335382541999342
0.0005052861023589884
0.000636270251620001
0.0003085607124370325
0.000154908638603513
0.00013121264467837055
0.00021413763071479909
8.488542076264941e-05
0.00014097224606633536
0.0002168024731253694
0.00023056264440331044
0.00025006202025250736
0.00012044091091107916
0.00023460877010952365
0.0003345887538089692
0.00010576170458039151
1.4572932879139269e-05
8.63986576313966e-05
0.00023752674084644572
0.00011767018206176275
9.002574628897168e-05
0.00011395898308404884
4.2948054705646496e-05
0.0001211470673644649
6.424132972697315e-05
0.00012596388499193625
0.00027076647349219925
0.00011877412795877113
0.00011553113758445045
0.00011718784241527584
0.00010771610280411896
6.450992807851325e-05
0.0001434397403190091
0.0001768229506208019
7.71150447255339e-05
7.218221036824104e-05
5.7381832565474846e-05
9.489962772590504e-05
6.858385557516444e-05
0.0003482440658612424
0.00013509533636858677
0.0001438566233531294
4.1685741631199505e-05
8.050172318377824e-05
6.869954099965271e-05
4.6839827456636125e-05
0.00020634144188467354
0.00019467442834607374
0.00019267516772642756
0.000122502481205552
0.00010191683254865121
5.237871802376872e-05
0.0001220500781519914
0.00012387137636427564
5.376429438943708e-05
0.00010434554520406139
0.00010349045747947505
0.0001821027828436164
0.00011663900045705996
0.00011390088698941172
0.0001722042195732466
0.00011145291893138425
0.00011041720385133726
0.00017179277938433012
0.0014041589489615807
0.00023619741885070274
0.00013561521771740707
0.0001001871346248475
0.0001736614998867033
0.0001743786099704107
7.608561420089823e-05
0.00014277030076325205
0.00013344519871174654
0.0001994350928236871
0.00016474762441613295
0.00020251387402128862
0.0001502984082951063
0.0002021970553385937
0.00020818634786701134
0.00013532330959717425
0.00023513284988487478
0.0001860805413820754
0.00020479082174821258
0.0002722637020938618
0.0002047176505837265
0.0001795637241417395
0.00016043894749811892
0.00011699395854934287
0.00015830715124990868
0.0002125383458648955
0.0001133002467768593
0.0002002792859468737
0.00020645356318877927
8.0923096248241e-05
0.00014549105209704373
5.988071176570325e-05
0.0019310801944431206
0.00011253020793822298
6.634669306803815e-05
0.00018748763614455743
0.00012674441191743463
0.00010390145766688473
0.0001856458982370166
6.964836807335086e-05
0.00013267620407256186
0.00011300154536640022
0.00033779021414799597
0.00835651909125719
0.00015681622078731554
0.00012456285803822705
0.00021933233289053936
0.00019687327339366288
2.947105597730782e-05
7.803615286001002e-05
8.899696271903969e-05
8.678287061964536e-05
0.00039723584081551635
8.339709408706626e-05
0.0001401580831725041
9.406633339267251e-05
7.397734707385878e-05
7.079225301349612e-05
0.00012993987551973102
0.00011083951287994202
5.6735436110413256e-05
0.00030958698565417605
8.680003157336371e-05
0.00017423262502964528
8.61606120960769e-05
9.161474087837642e-05
0.00011564899701708281
0.00013449746730652523
0.00011199431557728243
0.00011083834056223444
8.871005341905878e-05
0.00013114990283280103
0.00011327059618206326
0.00012676325107867226
0.00011310442357439564
8.077841088561619e-05
7.317910744340061e-05
0.00013113824561852673
8.236162708240935e-05
7.968904857290446e-05
6.30716676927343e-05
0.00011135636222106194
0.00028603142991861537
0.00014349149851908852
5.117828436519845e-05
5.888485776230686e-05
5.884700803175791e-05
0.00010800832406420547
0.00028830326024773065
8.076161631532204e-05
7.070249200342505e-05
5.539406054382841e-05
0.0013331778054046068
0.00013729937368477048
0.0002941604975857432
0.00011479374318269782
0.00011286911819403922
0.00012312894599716913
0.00027836360514951693
0.0002668557477584006
0.00011493375360899004
0.00012547812956123077
0.00017084241616332463
0.00012195323556812518
0.0001500869874618502
0.00012127720954310643
0.001026484790323925
8.41207420084914e-05
0.00013612858317787026
0.0001663630903509227
7.551029787665406e-05
0.00015393759397914372
0.00029794420859597547
0.00017626583826656618
0.00013703640651452367
0.00040016251410540665
0.00028359651136905187
0.00022221123321057836
0.00041533357925646196
0.00015988395359464554
0.0001823885161177208
0.00017930038625592703
0.000853207506380668
0.0005078988497925533
0.00020237032403709658
8.031940423342512e-05
0.000418550372271069
0.0005608630268575716
0.0001457141571562241
0.00016296938955068073
0.00015830995811533894
0.00010759871310436134
0.0002487082593753327
8.727329571482004e-05
8.669689859257066e-05
8.106405613785377e-05
0.00011244537916249562
0.0004844804630458227
4.700057025641809e-05
0.00018753075363220326
0.0002492482658322777
0.0001571433644311862
0.00022264987135720948
0.00015125299952790076
0.00021091272240696783
0.00015283090116208328
0.00015666292804003017
0.00017581153657950435
0.00010629427347741726
0.0001884167126599268
0.00013445769955339204
0.00017156497078218714
8.303843837354082e-05
9.40712299250564e-05
0.00018173561566228939
0.00013891182815051444
0.0001500633548922114
7.810897131366327e-05
0.00018345883290302149
0.0002006708511148382
0.00023627851558870013
0.00011166508785308723
0.00021231273645839338
7.48377646558936e-05
0.00011657878004737937
9.339858896318065e-05
0.0002786552761964539
0.00018137109234290182
0.00019117283958609016
0.00016318310522387718
0.00021258062631430744
0.00038516412057523124
0.001786029152351169
0.00015062993324158283
0.00013591931424794613
8.979701959606481e-05
0.00016279796494712815
0.000236100930840828
7.046724357157848e-05
0.00021668974629913496
0.00012694245140364196
0.00011829344536861826
0.00016630605689003705
7.714208633028666e-05
0.00012208167104231496
0.00010419854343322443
0.00011169102170253927
8.407899986907898e-05
0.0001388498394550229
9.279334994158698e-05
8.672921389242134e-05
0.006209413737039161
5.260085501904053e-05
0.00021536259858003382
0.00014184583092183227
0.00021436939535518585
0.0001603107011761804
0.00024815553919006945
0.00015765199289308386
0.00015601528144867962
0.00015334495757042657
0.00024761620750507804
0.00013035065408057215
0.0002596154970453242
0.00023909116085755588
0.0014375119946832436
0.0002026831823748822
0.00014787945727449893
0.0001269161237590026
0.00018660736567197134
0.0004464321952340377
9.864819173820732e-05
0.00010903791393004862
0.00014272754916592792
0.00038545771220093746
0.00014548926432258764
8.278577006174835e-05
7.001383930507755e-05
6.435169954673856e-05
5.059439023001849e-05
0.00027394862978479364
0.0005399600468384021
9.706723380879014e-05
0.00022766489822102112
0.0001002017211807357
0.00010823171697771066
0.0002775186672937688
0.00020365446965943672
0.004482694116572194
0.00021181641214755397
0.00020198169076845058
0.00026949014838710767
0.00016271082723230695
0.00019532552723225928
0.00019896444193001506
0.00025229836003790555
0.00011299635635399398
0.00010626578317232529
0.0001824671080434761
8.466167324582458e-05
0.0001945025348493617
3.357806398383378e-05
0.00011327360714385464
0.00011417987118236943
0.00017395408767200576
0.009612799952850037
2.6786952845590912e-05
0.00013205024902791332
0.00015223883102251465
0.00014778144583742846
0.0002069548108934781
0.00012151142786946892
0.0003199001550575003
0.0001009626262683849
0.00016652226411650346
6.425061157247798e-05
0.00010796857728710296
6.928044549413689e-05
0.0001415701883384811
0.0001268194483639689
0.00010873603585248678
0.000548243401794163
0.00010010740369897153
0.00015518255706768857
7.232520499004495e-05
0.00014138183386182184
0.00012041397384439742
0.00012446111471761597
8.7091630092958e-05
7.580970163451777e-05
0.00016854348287304315
8.943991637180759e-05
9.536923528097077e-05
0.00013572283103209566
9.470888760200858e-05
9.836396299622251e-05
7.730078531140558e-05
9.210777592342967e-05
0.00014944541933265346
5.570981770963724e-05
0.0001610921665697885
9.491469893541526e-05
0.00011645581651805202
9.132310315516355e-05
0.00015504767172011116
0.00014353681007008798
5.288242208805414e-05
0.00010500862230313121
0.0002359672645671715
6.158758933281414e-05
0.0003833465805560864
0.00014184026560514062
0.00023925748556445007
0.00018040887087300748
0.00014924450644322417
0.00018872104706275678
0.00029976058595690316
0.00021250429944633163
0.00018838632169661235
0.00017163168401887436
8.643691319425693e-05
0.00016731750585729493
0.00013772194086312132
0.0001869377796848415
0.00010769751879985581
8.249390383787818e-05
0.00015159249346208484
0.00012439866593349252
0.00018889973650455962
3.4981713915294824e-05
0.00017832529919116963
0.0003151762717097385
0.0005994957066457209
0.0007504790684919703
0.00011332905403079485
0.0003110885651655984
0.0002508882859694839
0.0003620922781535953
0.0003433955766227252
0.0001180924568664359
0.0001496918603017319
0.00027574518736047266
0.0003141449874496938
0.0017179517665811272
0.00010889262625278516
0.0001328805146571437
9.594172569482995e-05
2.843569545076115e-05
0.0005209348959842171
0.0007579637471732737
0.000974061289979641
0.001645211191265238
0.0006751284934242558
0.001592402629450412
0.0004937873797363686
0.0008333382524534318
0.0011168589932222597
0.00025230395259665715
0.00019910529311464105
0.00038409414055805714
0.0001560398776160931
0.00020264469751985663
0.00026476621034821117
0.0001301427464327962
9.376446067413201e-05
0.000185937692455418
5.734080850636545e-05
0.0001427023452364383
9.002166692386178e-05
6.318616944319395e-05
0.0016976687340390106
0.00010906664982028641
6.440249902194005e-05
8.653116459869271e-05
4.140694718948688e-05
0.0007685714615836819
0.00015980014153815005
0.0010695911756197097
0.00012571217729415472
7.859811517987215e-05
8.33900439712012e-05
9.862229397066757e-05
0.00024912092985167865
0.000111840818974184
0.00039952142350632746
3.1046980072119124e-05
0.00017547170084336304
6.41729411248121e-05
8.239987029299752e-05
7.797647634174868e-05
5.228782045693115e-05
0.0005799127548059547
6.404706373311978e-05
6.366790962506651e-05
7.91407988834506e-05
0.0002076821814644067
0.00014084157954130815
7.285014063836937e-05
0.0021529854863718526
5.120605167475957e-05
0.00020369395187917955
5.9257600202748706e-05
0.00027041466874138
6.72499830287861e-05
8.880670131173033e-05
9.547859898349538e-05
0.00010606341228189212
0.0003179233631500291
7.609083659924055e-05
0.00013225853122749367
6.138132117272e-05
0.00021044843222435165
6.377745583243249e-05
0.00013948639504265283
0.00016935514482550353
0.0001364113704163056
0.0001702405942126067
9.186997885074759e-05
0.0003656366891327572
0.00018318041480922453
0.00017823643435389098
0.00013874386148740996
9.08782462459746e-05
0.0001329808667427147
8.996156845054e-05
0.00010135193867932452
0.00012361427410510564
0.00012862582263230312
0.0001473843387856999
4.782406834888382e-05
0.0001436077356980526
0.00011965231672962087
0.0001298723687326615
0.005649453078454665
0.00015989712035154247
0.0001234897192570252
0.00011420751964657998
0.00013426675349882764
0.0002203117114536589
0.00011941038085582653
0.00011126241057468947
0.00011836663840066377
0.00015683159961308015
6.908179160259672e-05
0.00018681114600897991
0.0021360058902259683
0.00011712094429625109
0.00010896135507269794
0.0001578259555912002
9.333346748638579e-05
0.00010754135264917045
0.00019553179434305613
0.00015787304339815334
4.6224836562364307e-05
0.0014518383020421153
0.00010160485451088215
0.00010321250241756836
0.0002357466065122513
9.302798250290235e-05
0.0001681924516150563
5.5565323058473555e-05
7.511457279854503e-05
0.00010932753187359061
0.00014574260080155423
4.4735653415172736e-05
9.370881950813844e-05
9.787476150346942e-05
0.0001658037308074648
7.134631464144097e-05
0.00010017803884239487
0.0001370299172574507
0.00015491152069721284
9.417475131319419e-05
2.4022081776423332e-05
9.02399302293978e-05
0.00011852838238594764
8.416989303041244e-05
3.359461121610002e-05
0.00011041577933510996
7.174918607824197e-05
6.131011304888358e-05
8.003313713161867e-05
3.3722779512905905e-05
9.668671624299749e-05
6.913951320699973e-05
5.968714120076923e-05
0.00017511124484647825
5.5012564204552606e-05
9.817413026819749e-05
9.084013908840157e-05
0.00014234254675028407
8.238845149158533e-05
9.279552092914572e-05
7.63004526690906e-05
0.00012121592005783004
0.00015717515433278392
9.49988827401533e-05
6.043633852885766e-05
0.0009841025406472292
0.00010573918037761622
0.00016130191462046113
8.785482079800815e-05
9.856912002655709e-05
0.00018129288624984808
6.355739251153757e-05
0.00019020980750955447
0.00011376960399339177
9.746011883969303e-05
7.164004419528817e-05
8.069572285520229e-05
0.0001878865293242047
0.00011161545071208616
0.00017849653383023899
0.00012252596291538435
0.00017204049221042627
0.00018513265074118204
0.0005393279659140136
0.00041449266277507427
8.266488764074175e-05
0.0001344246243205601
0.00015288599034025228
3.981554636799518e-05
0.00011741360175168334
7.228298481497962e-05
8.998574381240333e-05
9.923145199370864e-05
0.0001382334220056867
8.079893261510325e-05
2.5731900835654005e-05
3.413194079371501e-05
0.00015519898374415322
0.0001227403001396261
0.0001685228869664132
0.00012234733276841149
0.0001372974303390092
9.868601899394168e-05
8.120697547906499e-05
0.0001300024780723023
0.00014156033456742058
0.00021712919186415373
0.00019854804859199157
0.00015118773266334682
0.00010248931142846024
0.00024093468635243205
8.90949385401746e-05
8.107387261467206e-05
0.00039911762495092434
8.594877267054916e-05
0.0002090280020197882
0.00014056306173830714
0.00014421132330068328
0.00014066171895990435
0.00018387022688183462
0.00025678715449748335
0.00010407822773726319
0.0001682675182404557
8.807778310684442e-05
0.00017262418866075452
0.00020792675633342887
0.00018661826303209577
8.111947041620198e-05
0.0001246795347002404
0.0003150114556953967
4.020977812522545e-05
0.000187266766534951
0.00011538546167017052
0.0002069084648032939
0.00014708745977691306
0.00023380863152174962
0.00011789774506326205
0.0001660538765771637
0.00010335500509264561
8.477628531322648e-05
0.00011204960757362124
9.443637287449983e-05
0.0004631188759101531
9.258378366572662e-05
0.00010613996489660213
3.459606287464302e-05
7.609923326544546e-05
6.510622760810669e-05
5.419298255086591e-05
0.00019138099794360945
0.00010115541394096915
0.0007004377284554519
0.0010332055000815677
0.0009808043711173465
6.421778189900275e-05
0.0004532178731744888
0.00016086648684716267
6.331165647285144e-05
0.00010614919537594604
0.00012369954953429045
9.34405787734276e-05
9.134599959794728e-05
0.0009869316650796638
0.0002486950347854437
0.00021102147690674108
0.00016220012649104936
7.742344981206252e-05
0.00013068586253952539
8.192552346628052e-05
0.00014940921328967691
0.0005254544062396764
6.321574733105777e-05
8.445567616043781e-05
0.00017746215331067476
0.0002537624400932397
0.00013150174609645132
0.00017922831822498607
0.00013236809174986983
0.00011948857182696369
5.5353751913146896e-05
0.0003212119068215666
0.00016515969995416362
0.00018796985158597325
0.00011938843686228567
0.00011615667128630832
0.00017781120355771828
0.0001446291530825114
0.00021755481432449923
0.0001743168026886511
0.00011372797738863215
0.0001752128876354571
0.00010869613124120579
0.0001152919846588778
0.00018779547257743176
6.37692462527905e-05
0.000117175268109332
5.444375472072466e-05
0.00018147617635433868
0.00011775188662546594
0.00015421515014052385
6.951431138237025e-05
9.232914779211144e-05
3.271746587069298e-05
0.0003664742510453099
0.00011689345365328598
8.583969031481836e-05
5.4322962486204045e-05
0.00017619028133561898
0.001836843771202087
0.00012840743444368367
0.00038898232308435675
2.8072680376846685e-05
0.00010839192669569716
0.00013884898135241235
0.00012676476776778733
8.928897359857446e-05
0.000176655980067031
6.552804587501047e-05
8.351072048427359e-05
0.0001514438620314678
6.0191867368371334e-05
9.926448416116105e-05
0.0010568071683684842
7.78820259755267e-05
0.0002396738020282085
0.00010490991365833425
0.00012655030726033508
5.1248607966467034e-05
9.113949672781216e-05
5.970013852638943e-05
9.196809105031351e-05
5.849945869722641e-05
7.734215377539164e-05
7.683274371870764e-05
8.879012167116748e-05
9.417857963723046e-05
4.8637566418966894e-05
7.938218109917257e-05
8.211352555619969e-05
0.0001243581829278809
0.0001994931583097516
0.00011859265228488789
0.00018606955588327493
0.00017332775915550363
6.99954574759179e-05
0.00011244498246018396
0.00014806434620642458
5.6302651103982176e-05
0.00019881232115334551
0.00017697046670095632
0.00015503550807279164
0.00013023810852827856
0.0001846830027973034
0.00013830076404570504
7.849506079950637e-05
0.0001675342707939089
5.080324559772361e-05
7.362944233668504e-05
6.619685834394817e-05
6.9271808435483e-05
6.713936026127449e-05
9.287571512513746e-05
0.000340561723031464
5.3005293459378845e-05
7.217067105226858e-05
3.718162266207095e-05
0.00010439459076850286
6.737803264622657e-05
7.188795431553072e-05
0.0003167229487140078
0.0001746936626392625
0.00012152382402968662
0.00020424789971109988
0.0001355965771922417
0.00013080799320557584
0.00016142303650063696
5.4287714304617006e-05
7.840502214674052e-05
0.00010380996383793669
0.0001854819809429229
3.5019926733422117e-05
8.956597024786213e-05
0.00011535731334906859
0.00010361757942594525
0.00014972558521946322
0.00010249477118299791
0.0001274073359917323
0.00012836600168108538
5.9915469306504145e-05
0.00012326256513327038
0.0001509594518771114
7.410045323621654e-05
5.5652780913120906e-05
0.00011484059291880913
0.0001423580656587999
3.9398857343201435e-05
0.00014660534294714544
0.00024529256717796414
8.07043980768543e-05
0.00011532796881576224
0.00019222750306594643
0.0001003014273447585
0.0001379314827710253
0.00017574869065179128
0.0002161180883661676
0.00010498005733921333
0.00013640367769908947
0.00014763515847607823
0.0025093041764247125
9.853057043584574e-05
0.00010319521811480556
0.0001788798231919416
0.00020823758771247713
9.089217948606521e-05
0.00011786596459298441
0.00021669628285700241
0.00013717916447742207
0.0006152569859785437
0.0003453186041551956
4.070894224802283e-05
0.00011172155988109856
0.0002820404569261745
0.00044359077033532835
0.00013035383457399906
0.00021302343544684813
8.443128465938744e-05
6.765059013760793e-05
1.9342353600799878e-05
5.787271022393531e-05
0.00014037023344706212
0.00025465232896617034
0.00021278115211573138
0.00013836266214745126
0.00011813127891589954
0.0002946457882042442
0.0001500063789973669
0.00019590108657712853
0.00014697300449160574
0.0002146789951954593
0.0003967018991433036
0.00018329617084167628
0.0002748469460250316
0.0005550549717734091
7.090803130341681e-05
0.00018209722099822554
0.00038561186150413247
0.0003420138963994621
8.939368261459154e-05
0.00016726650211973707
0.00014811651539036518
0.00011741109950448659
7.162933480903408e-05
9.751710190240596e-05
0.00013842855144824537
0.0001734845146106515
0.0002340597900589233
0.00013828415603978628
0.0004018701019468181
0.0002321943461849094
9.291316600070783e-05
7.528872988839094e-05
7.566290923905728e-05
0.00014833747605933083
9.288857023128958e-05
0.0001217862834082769
0.00011519711479578171
0.00022076228447823822
0.00010731433368078451
0.00014256328711884526
0.00019668582884940303
0.00013254208720099594
0.00022508382319544662
0.0001721992058611224
0.00010502077589611347
0.00010908738388324593
0.00010697998567361984
0.00023432572574124324
0.0002761826300320355
8.768507314883929e-05
0.00010761083095913412
0.00016829218446749768
9.734082733109677e-05
6.0058868163765886e-05
0.0001500047672096218
0.0001044594978270021
9.827846284606555e-05
8.239355091726992e-05
0.0001400535644799839
9.857099817714973e-05
8.859884057736991e-05
0.00010929884340572451
2.5987529872473257e-05
0.0001647053491183259
0.00011648773787491752
0.00019639476184912991
0.00012402502751542147
0.00012163302451481205
0.0001593071828546976
0.00014917160231583788
7.827380105493177e-05
6.492625842590334e-05
7.81587372683239e-05
0.00013191295844593436
0.00011812512667813868
0.00014311817179211197
9.309238077122135e-05
0.00016191147542648373
4.758159538370433e-05
6.610920143677816e-05
3.775831029827687e-05
9.66790626306307e-05
0.00012442479096162412
0.0001290994068838939
0.0001145121990475329
0.004661151375501793
9.119371160944346e-05
0.00014683219168196152
4.995147408907287e-05
6.124574163173738e-06
6.753558219274263e-05
0.0001650241672836755
8.225849288016814e-05
0.00011280221931164437
0.00011729386506857087
5.16151292003746e-05
6.168273582614724e-05
6.143169041345716e-05
3.9961071221392444e-05
0.00015744978567866792
0.0017633190170245842
0.0021132099016558524
0.0002829959116162752
9.61980791939811e-05
0.00022735354570381757
0.00021765267037442555
0.00010184227463812753
4.5929199890144056e-05
0.00015972185859869974
0.0001250924448768169
0.00013569295824358051
0.00011553948682291662
9.232257732218957e-05
0.00014711518823204317
0.00013849139253757222
8.27592164619882e-05
4.966908538606199e-05
7.833445262453562e-05
9.601067082551346e-05
8.72627934692012e-05
0.0001594959250775169
0.00010430363087011782
8.891129705333389e-05
8.827420568456818e-05
9.37575669002542e-05
4.1235070347835176e-05
0.00010855246416076302
0.00010300191537799497
0.000157162573242965
4.223592853471532e-05
0.0002756738200414406
0.00010667661830300586
0.00016134688351922735
0.00014318558572801328
2.768238291829168e-05
0.00013620604427114647
0.00013881906825931241
5.536236104598718e-05
0.00015722668454734755
7.820160247296237e-05
0.00010599609708752298
0.00012870605796713004
0.00010236190959962882
0.00012173699528915371
0.00013951497137648715
0.00013852346138194091
0.00015250047150333455
0.00011386239188233106
0.00019745991543764036
0.00011606812118463218
0.00015672728845662066
4.5254989705240705e-05
0.00019899639175540004
8.644991533679407e-05
9.416452203433042e-05
0.00014738448513684595
0.00011429535578355298
0.0002261133225911114
0.00013631409082972578
9.834068081497338e-05
0.00015400016757108047
0.00010840348550150728
0.0001296520335706953
0.00012637710257413788
6.042744237170252e-05
0.00016812948253443747
0.00014820310823943653
0.00022275243338841207
0.00015757255339423848
0.00034058192333599947
7.796841305401376e-05
0.0003333886233493991
0.0001294698956154958
8.290106900577149e-05
0.00012847203894004514
0.00013939886307843893
5.514969107102634e-05
7.666850492158281e-05
0.00016033005887306612
3.315725040007646e-05
0.0002254811986895868
0.0002165425834471458
0.0001716894485175584
9.34192755698037e-05
0.00015478682245424603
0.0009405140329821269
0.00030060305059391446
0.00031748022649307384
6.834394850867737e-05
0.00010545130933070327
0.0001397147136564988
0.0001008841691187381
9.047337321872414e-05
0.00016764495942577312
0.00014015591367328884
0.00022967000840740212
0.0001612630342216726
6.937111984375701e-05
0.00012344597878499882
0.00024203107948981962
0.0003907131699405425
0.00013003398422928002
0.0001942528898112763
0.00185712279503537
0.0006792621894476863
0.00018382532260196346
0.00014532242910042964
0.003858812304205558
0.0006723883679272208
0.0004078103388725126
0.000903505971592713
0.0005353614315757217
0.00045481708918245926
0.00033649325965491616
0.0010534352070947588
0.0002963975105521006
0.0002070954640864307
0.00014103855318655333
0.00016208226704804107
0.00030722961681010924
0.00011447509873301695
7.233372473396703e-05
7.361664597066936e-05
0.00040405875123724076
0.00017907917790346722
0.00018397129791679538
0.0004143965739422025
0.0009391574008091292
0.00027735486028028576
8.025950221122458e-05
0.000523064596818428
0.0002680757288903626
0.0003956021425524099
0.00017673468407998716
0.00013575217606051434
0.0001207623981026553
0.00016898973919734697
0.0008523657503246422
0.00010016166401456281
0.00023288141292364143
8.263639788649185e-05
0.0003282439377042959
0.00011508059871393812
9.437592701127455e-05
9.095341445484118e-05
0.0001829606640064522
0.00014658082699846585
0.0001570859204519041
0.00011944961313326337
0.00020414540372689683
0.00013191856241426804
0.00014151223767124022
0.00011379236080730124
8.263466593288876e-05
0.00011584732661889503
0.00015985121768525667
6.186773039331204e-05
0.00021786933129108813
0.0001447954054212435
0.0002266192492868232
0.00026279597246414954
0.00019564881886720192
0.0002162434160075555
0.00021850968780918174
0.00018833278072974784
0.0005245047756614337
0.00031594972019508775
0.00011300416613675746
0.00010917940134132052
5.39253690760762e-05
0.0004961720409681076
7.628979164018361e-05
0.00014709180105359698
0.0001636032946388857
0.00012016794633764948
8.569267706434008e-05
0.0001378284154593267
0.0003501260242046412
6.883326522990261e-05
0.00025036530161801063
0.0001521903021157634
9.299059203535275e-05
0.0001188601506682043
0.00011661492635711438
0.0001904855822961892
0.00017826832679558705
0.0001612322642863678
4.886501651363065e-05
5.5210525146541414e-05
0.00017436414244807096
0.00011623165023426235
3.832739062132964e-05
0.0001572365394526656
8.137148980507724e-05
0.0001121258402671625
0.00012250415461306175
5.444065922821102e-06
0.00021454683503005666
0.0001521278454128182
0.00012583668685524135
0.0001451505679548889
0.0001205380509823706
0.00011201459078961306
0.0001768481944070254
0.0001668311340152071
2.53812124323187e-05
0.00013082937377079093
0.0001653057300556319
0.00019162581214778862
0.00019284253904596442
0.0010233703664592655
0.00013139360356896197
0.00011651439928441618
0.00012980812684723465
5.520984194674852e-05
0.0001399978045548042
0.00011458361842747997
5.1420921925611874e-05
0.00013206503995702576
0.00020660595232768178
0.0002859882737905774
0.0001254140928341688
0.00013953944454731925
5.4110175839193157e-05
0.00010795472997886162
7.658945335618368e-05
0.0001707307690355051
0.00013787929367586142
0.00013349381668893378
0.00010093107913433346
0.00014663161308351588
0.0001830409198349438
5.376581774132667e-05
6.55767033128243e-05
8.481166906421897e-05
0.00012666621100815067
0.00015367033705703887
0.00011412793294423102
5.872970475960311e-05
0.00014525474761608087
0.00011604697102547394
0.00010272394811957809
8.510997237362705e-05
0.00011542226496009081
4.2983770761086274e-05
0.0001318389164642362
8.864185628553218e-05
0.00013469925573255395
0.00037515241096642643
8.133076653978283e-05
6.611952329340443e-05
0.0001721240281390029
5.432881075155262e-05
0.00013172542112656246
0.0002094556594354596
0.0001000223321031465
8.988073345780335e-05
5.2570492326123e-05
0.00010882157248260708
0.00010715624854396761
9.794628612244861e-05
0.0003509528529138648
0.00016025628963752453
7.40602817166533e-05
5.294822597894027e-05
0.00011357885233373472
0.00013943912208709653
0.00023675172556728732
0.00017503502617646465
0.0009677619436762699
0.00025360473056208635
0.0001093975868980913
0.00022114078268514831
0.00016953173052044007
0.0001799822462844878
9.382611813885042e-05
7.021192459266062e-05
6.839360166848823e-05
0.00014676504920838802
9.83647837299927e-05
5.196257347911266e-05
3.471966223462276e-05
0.00021436460856897932
9.320880364922531e-05
7.123548113435037e-05
0.00010736933869828849
9.37931434068008e-05
0.00023044073336098562
0.0010182277337240136
0.00011899655176070667
0.00010545693805295386
0.000418985943840676
0.00011587000767367754
0.0013132712160219089
0.00019128703797889512
0.00012550365093627768
6.421393729760298e-05
8.578876014838562e-05
5.4168879912144605e-05
0.0001598371466222797
6.021528235787e-05
8.112810637514257e-05
8.134111204739017e-05
0.00017633749935082674
5.395279500597005e-05
0.0008995359711743637
0.00019006548937063012
0.0006346171844217515
0.0003244708932808923
9.609168778504627e-05
0.0012139432514080878
4.871543014048282e-05
0.0001639084270232915
0.00019111607830007946
0.00042798339238697746
0.00020558325532249311
0.0010681176974184142
0.0006818305986877268
0.00022585374731373561
0.0003942734549654526
0.00014441671970898885
0.0007449432927161574
0.00024013231484512005
7.895331862923975e-05
0.00043244111487950016
0.0006201993350389237
0.00034721916727785483
0.0002762819430364706
0.00013503701724567845
0.00014146098346546238
9.777238595107513e-05
0.00011693055084392842
0.00010407172923399093
6.0948514575534126e-05
0.00011110882133704297
7.74576169969907e-05
5.1006426521045146e-05
9.549706825744353e-05
5.785258147432097e-05
8.700122426858907e-05
0.00023064815138004497
6.538026915590205e-05
0.00012835473994043326
9.486287891367083e-05
8.993981927540946e-05
0.00012260161374861862
4.1760968902723434e-05
9.940966524233252e-05
0.00035374095934589413
8.685616106830508e-05
0.00010958751116855455
0.00028896368764838343
0.00021219895043654444
7.471693920329725e-05
0.0001413944262513686
0.002366574917049251
0.0001075019661465686
0.00013286387517074937
0.00020597981535188238
0.0002561720340605049
0.00012924767756638552
0.00011073547554111657
0.0005962262731881805
0.0001364515592987552
0.005919320376053794
0.00011019457416494043
0.0005008576824196333
5.3483156075988026e-05
0.00011807121941129686
0.00015740295696970602
0.00033414666419577836
7.077867925065131e-05
0.00015126209145479682
0.00011146392449312454
0.00015655343278026757
0.00014848374956200763
2.8593547358037407e-05
0.0002840497865882669
5.077147475157711e-05
0.00010159131148816216
0.00018716333899537489
0.0001409693012005449
0.00022743910508321547
0.00020599587851348418
0.00010556577057834295
9.177421496578887e-05
0.00013697621329639785
0.005609260379688812
0.0001287449350478143
7.652291489091377e-05
7.903228769469688e-05
0.00011964997301024458
0.00010967800969809492
0.0002693904697842293
6.559132870276417e-05
9.146985987128678e-05
0.00012113241107741224
0.0001155294889268995
8.860450244740395e-05
0.00010065983233347745
0.00012670254556310199
6.898332945326316e-05
0.0001348960534025813
5.072158879621647e-05
0.00018841685771189753
0.00010587635779917885
0.00020008279762891607
0.00011593506521838915
0.00025768254064386075
0.00020114504274786334
0.00026016505025261113
0.00033964346308037953
0.0002051893285415056
0.00015315370886600762
0.00013827772382678688
9.365966819122985e-05
0.00013102617120012283
0.00010468956401133552
0.00012543161909228139
9.187185823930507e-05
0.0001563300014572868
0.00021881404413828128
0.00022023179798010486
0.000153930376097536
0.0002716064598005917
0.00014763950256790147
0.00022470119256744374
0.00013999355908504127
0.00018153575521689106
7.786408170344238e-05
0.00018178739555737
0.0001444694301401582
0.00014095221298608153
9.650919696956274e-05
0.00010181946592135575
0.00020244748166881315
0.00016634235585285216
0.00014407325733884876
0.00011681875809309186
0.00018936589440176078
0.00012480857405474402
0.00016433508506871273
0.00017805259544691326
7.609189268628722e-05
5.759220111646666e-05
0.00010593533558743586
5.703056918479206e-05
0.00012763361920080615
0.00015382846538989652
0.00011182372897634885
0.00015387464889766284
5.807056675314905e-05
9.232179567353507e-05
0.00010209308876386864
0.00011002569011906218
0.00011143477850802277
0.0001971728469686283
7.107868309120948e-05
0.00014714499846330914
0.00010057327301057716
0.00017655536636206154
0.0001728905097370081
0.0002485147327627451
0.00015796882947454005
0.00023225824934877147
0.0012512900353589603
0.0002011982209630107
0.00020738306022647664
0.00013175301974324987
0.0003288974353739211
0.00018410469476062635
0.00016907218341605785
0.00013960517218672145
0.00013621654385940013
8.758966819864559e-05
5.706076707916562e-05
5.220364216022727e-05
4.239068983050444e-05
8.031925296868954e-05
0.00010035793099014834
6.255342243445593e-05
0.00011203077836864238
0.00013059617173822026
0.00030692516842254093
7.267812647975123e-05
0.0001511857785887927
0.00023222342186126143
0.00015958110923253887
0.00033186918027782895
0.00015569991664228503
0.0001275558368292561
8.18420109086963e-05
0.00015859293066560994
0.0001288090888833392
8.293112940744392e-05
0.00010595396748714992
0.00010044724738006345
8.285461632528961e-05
0.00018812936820882437
0.00015370685457493028
6.821703121887318e-05
6.536111007187088e-05
2.149837755015344e-05
0.00019800665754862335
0.00021375030998576117
0.0001090298239205953
0.00021492319295631233
0.00032881684731526917
2.9072444164715775e-05
0.000602529984380516
0.0005482300077176031
0.00011145020225637124
0.0001398338878773188
0.00024132547478875445
0.0008709166174046011
0.00012382877087391744
0.00030884253817264293
0.0002872098797865591
0.0001313491867333999
0.00019575874951727694
0.00021618500666477152
0.0008726860710251209
0.002115824677263873
0.0003801192752819483
0.0009230182488794278
0.0006695993292387403
0.0014049367242343024
0.001299947638859651
0.0015929299612160407
0.0015669746395494738
0.00012283014004602758
6.420642212721852e-05
9.895501208402545e-05
0.0001354614536549623
0.00013089898037520903
8.392598742670435e-05
7.713506721914942e-05
7.930219495494343e-05
0.0001635584318517657
0.0002830037310095361
0.0003114620399621159
0.0002086702929365216
0.00012145336569875581
0.00020136306268705976
0.00012203484477408577
0.0001861679105564976
8.978764506171056e-05
9.568262653922067e-05
0.00034424724007257944
0.00013380843857788613
0.00026030780876955197
0.00033230170317751417
0.00023535802760149676
9.949077359698394e-05
8.292996543559615e-05
0.0001321683726977605
8.397093730702664e-05
0.00023901177484963418
0.00014618966566310967
0.0004962061263121623
0.00019599730349077234
0.00017626980289653932
0.00020220622136936896
0.000315346656313867
0.0004413069450076744
0.00013815790128629852
5.6605654006975106e-05
9.621427784599497e-05
0.00017732457035063873
0.00011089065371413708
0.0002375400246200764
0.00012409681141016456
0.00011029157313391772
9.367102978400396e-05
3.509707260328968e-05
0.0001673211887790761
0.00019699393630284568
0.00014584290255341685
0.0005426158434361915
0.0002186540452812227
0.00016969410513935948
0.00015450538450992427
0.00019505330609176778
5.7502950558871205e-05
0.00019119314345661823
0.00032634106460117615
0.0001942696783705647
6.535635485720818e-05
0.00014173600453365551
0.00012269791010234644
0.00013591411341759492
0.00020357190708306883
0.00026382456067808145
0.00012579290545344473
8.580337400392605e-05
0.00011768345265355485
6.027663384360604e-05
0.0001348724774518136
0.00010941229258285919
9.418218755368009e-05
0.00013684049625356284
6.16487556131289e-05
0.0002983837424401658
0.00019379260273887674
9.859479679778335e-05
0.00012279586169234362
6.603227563266918e-05
9.524478128821103e-05
0.0020762726053317917
0.0003444560901399347
0.0001765039121951169
0.00017436485899714526
7.82794342795582e-05
0.00016733648877546533
0.00024645393448510377
0.0019040237655213034
0.00017504076271021872
0.00016030664759373223
6.571939217226481e-05
0.0001620689461031807
0.00012149616652862417
0.00011566513210810627
0.00017453424277600406
0.00013203745254806998
9.553403894171979e-05
0.00011267713688639492
0.000179622065135769
0.0001340050151572548
0.00020808756238666307
0.00010558458358125786
9.61220369412228e-05
0.00043069986337039925
4.766175192158713e-05
0.00013499773293699672
0.00012159731155493003
0.00011227213221818315
7.880543652332115e-05
8.70149745709068e-05
0.00010786058896707108
0.00022240181891846193
5.4605986551628046e-05
0.00017006666345867902
6.127401200302533e-05
3.424439766826124e-05
0.00011079506524751812
0.00018472404719072592
6.345466696520021e-05
0.0001917543408340483
0.00012370868263603428
0.00011119027362905593
0.000207059373359544
0.00010675606764477846
0.0001001357046535597
0.000187455849921813
0.00014072320913083053
0.0001540367987712773
0.00011935790769308126
0.00010888590705611488
0.00022641409702569708
0.00031729374370616806
8.36229965019355e-05
0.0001450948168914716
0.00014625466788062606
0.00017621523277127311
0.00012196202099722842
0.00011424414439264804
0.0001882387591806669
0.0009452299788904163
0.00011702033019448131
0.0029625867294184537
0.00010972412475954582
0.00010110033464656615
0.00012197217835109498
0.007616489644359064
0.0008458909166356735
0.00027452714619099594
0.00014230147450697858
0.0002143241998727798
0.0001778257002371059
0.0001459615278981682
0.00018003031409642747
0.00012320113330523648
0.00013320598428994592
0.00039390993816662475
0.00015465034280933484
0.003479195317597814
0.00015836648743585314
0.00021011576806042099
0.00013648735548078922
0.0002541789429663107
0.000169019969972345
0.0001724006927418001
7.39305420961068e-05
8.67155078593723e-05
6.487461103259876e-05
0.0001479503071265875
0.00021522407804547625
7.761986108210604e-05
0.0001946545413421692
3.388899459371308e-05
5.030281242964736e-05
6.82344060627492e-05
0.00010863445275684513
8.582836597247496e-05
0.00015466113613349025
6.528025508338634e-05
0.00015008840733266512
0.0005280219339256288
0.00018427043983290222
0.00010538978238690032
0.00013186773852893763
0.0001272326823333335
6.661496594614887e-05
0.00017217770261589567
0.00021302652632719182
6.55995406506911e-05
0.00011091376504099252
0.00012657557943478496
0.0002981688417904449
0.00024372006183803562
0.00032106538937177114
0.0005552382544029254
0.00014957235832701552
0.00012584006560290438
0.0003883305642971578
0.0003960340692065072
0.00031110105486424595
0.00013958779037698428
0.0001145212324226125
0.00014431680866815375
0.0003664682013456615
0.0010359514326598442
0.00011087508302329393
0.0001680462678892683
0.00011077189021531325
0.0002934127454992806
0.0005800399813768449
0.00015093363187089866
6.014248843966435e-05
0.00017438838521793718
0.001084168692167437
0.0003125917947333042
0.0001199032639605433
0.0003576536600445177
0.000519272047897996
0.00010368448690104989
0.0002060396108569787
7.862004770151315e-05
8.212195560722763e-05
9.989213777535285e-05
0.00010934997008650077
0.00012113806733866842
8.511625718637902e-05
0.00014173475072735988
8.117038183503195e-05
8.34707351644916e-05
0.00047885489324877277
9.800865786581144e-05
5.6842691449281684e-05
9.252298271569812e-05
0.0003605307713845869
5.548562989178995e-05
0.0001228761254890907
0.00013214691866803163
7.146149956870266e-05
0.00013199916737089028
5.481007116084079e-05
0.0001445396438468813
7.907361605311944e-05
0.00010047387105532022
0.00012528551568596639
0.00013895625978989544
9.729323192944842e-05
0.0001943814898157625
9.620273295234736e-05
0.00011345212789496454
8.46081295458852e-05
0.00010574850316959086
0.0001339535832349985
8.51078802573221e-05
8.495631682915906e-05
0.00010026270484405333
9.086070595686743e-05
0.00010699813406998272
0.00018076911667802244
7.987851935921939e-05
0.00013916692412425659
0.003278414011628079
0.0014466448412119458
0.00010527130263479627
4.020684772409013e-05
6.824726951643132e-05
0.00010299875659710585
9.529548369673572e-05
9.917941313349956e-05
0.00011082005713916808
5.504654693240925e-05
9.696241847568542e-05
9.901575516495748e-05
0.00017025266658761084
8.554569040383413e-05
0.0001467745608479577
6.674203377149133e-05
0.00010032477131258402
0.00010958696881098856
0.00010923483149203463
0.00012642938042181593
0.00012622609049235374
9.631300402442592e-05
0.00013137352712525212
6.45659980850264e-05
0.00016946328386178034
7.482119229721382e-05
0.00010060271447666225
0.00010480905792057847
0.00012099481891334592
0.00017286753003664776
9.584745601273763e-05
0.00018520919254472383
6.533933009896695e-05
5.70720146985506e-05
7.344849244521749e-05
0.00010980194352176757
0.00012303273593390997
0.0001551025626802619
0.00013873402822473573
0.0001221081810138412
8.850568390642565e-05
0.0001879195066533878
0.00012932326814150123
6.0957903211156975e-05
0.00043726064222557846
0.00018207122335251976
4.19874507405108e-05
0.0001100987861950209
9.447794884090804e-05
