1 81
1 721
2 82
2 722
3 83
3 723
4 724
4 883
5 85
5 725
6 86
6 726
7 87
7 727
8 88
8 728
9 89
9 729
10 90
10 730
11 91
11 731
12 92
12 732
13 93
13 733
14 734
15 95
15 735
16 736
17 97
17 737
18 98
18 738
19 99
19 739
20 100
20 740
21 101
21 7222
22 102
22 742
23 103
23 743
23 7224
24 104
24 744
24 823
25 105
25 745
26 106
26 746
26 825
27 28
27 107
27 747
28 748
29 109
29 749
29 7230
30 110
30 750
31 751
31 7952
32 112
32 752
33 113
33 753
34 114
34 754
35 115
35 755
36 116
36 756
37 117
37 757
38 118
39 119
40 120
40 760
41 121
41 761
42 122
42 762
42 841
43 123
43 763
44 124
44 764
45 125
45 765
46 766
47 127
47 767
48 128
48 768
48 927
49 50
49 129
49 769
49 7970
50 130
50 770
51 771
51 7252
52 132
52 772
53 133
53 773
54 774
55 135
56 776
57 137
57 777
58 778
59 139
60 140
60 780
61 141
61 781
62 142
62 782
63 143
63 783
64 143
64 144
64 784
65 145
65 785
66 146
66 786
67 147
67 787
68 148
68 788
69 149
69 789
69 7990
70 150
70 790
72 792
73 153
73 793
73 794
74 794
74 953
75 155
75 795
76 156
76 796
77 157
77 797
78 798
79 159
79 799
79 8000
80 160
80 800
81 161
82 162
83 163
84 163
85 165
86 166
87 167
88 168
89 169
90 170
91 171
92 172
94 173
94 174
95 175
97 177
98 178
99 179
99 7300
100 180
101 181
103 183
104 184
104 983
105 185
106 186
106 905
107 187
108 188
108 907
109 189
110 190
111 191
111 7232
112 192
113 193
114 194
115 195
116 196
117 197
118 198
119 199
120 200
121 201
122 202
123 203
125 205
127 207
128 208
128 1007
129 209
130 210
130 929
131 7332
132 212
133 213
133 7334
134 214
135 215
136 216
137 217
138 218
139 219
140 220
142 222
143 223
145 225
146 226
147 227
148 228
148 1027
149 229
151 231
151 7352
152 232
153 233
154 234
155 235
156 236
157 237
158 238
159 239
160 240
161 241
162 241
162 1041
163 243
164 244
166 246
167 247
167 7288
167 7368
168 248
169 249
169 7290
170 250
171 172
171 7292
171 7372
172 252
173 174
173 253
173 7374
174 254
175 255
176 256
177 257
179 180
179 259
179 7300
180 259
180 260
181 261
181 7302
182 261
182 1061
183 263
184 264
184 983
185 265
186 266
187 267
188 268
189 269
189 7390
190 270
191 271
192 272
193 273
193 7394
194 274
195 275
195 7396
196 276
197 277
198 277
199 279
200 280
201 281
201 7322
203 283
204 284
204 1003
205 285
206 286
207 287
208 288
209 289
210 290
210 1089
211 291
212 292
213 293
214 294
215 295
215 7416
216 296
217 297
218 298
219 299
220 300
221 301
221 7422
222 302
223 303
224 304
225 305
226 306
227 307
227 7428
228 308
228 1027
229 309
230 1109
231 311
231 7352
231 7432
232 312
233 313
234 314
235 315
236 316
237 317
238 318
239 319
240 320
241 321
242 322
243 323
244 323
244 324
245 7446
246 326
246 1045
247 327
247 7368
249 329
250 330
251 331
252 332
253 333
253 7454
254 334
255 335
256 336
257 337
258 338
259 260
260 340
261 341
261 7382
263 343
264 344
265 345
265 7386
265 7466
266 1065
266 1145
267 347
268 348
269 349
270 350
271 351
272 352
273 353
273 7394
274 354
276 356
277 357
278 358
278 1077
279 359
280 360
281 361
283 363
284 363
284 364
285 365
287 367
288 368
288 1167
289 369
291 371
292 372
292 1091
294 374
294 1173
295 375
296 376
296 1095
297 377
298 378
299 379
299 7420
300 380
301 381
302 382
303 383
304 384
305 385
307 387
308 388
309 389
310 390
311 391
311 7512
312 392
313 393
314 394
315 395
316 396
317 397
317 7438
318 397
318 398
319 399
320 400
320 1199
321 401
323 403
323 7524
324 404
325 405
327 328
327 407
327 7448
328 1127
328 1207
329 409
330 410
331 411
332 412
333 413
333 7534
334 414
335 415
336 416
337 417
337 7458
338 418
339 419
339 7460
340 420
341 421
341 7542
342 422
344 424
345 425
346 426
346 1145
347 7548
348 428
349 429
350 430
351 431
352 432
353 433
354 434
355 435
356 436
357 437
358 438
359 439
360 440
361 441
362 442
362 1161
363 443
364 444
365 445
366 446
367 447
368 448
370 450
371 451
371 7492
372 452
373 453
373 7574
374 454
375 455
375 7576
376 456
377 457
377 7578
378 458
379 459
381 461
382 462
383 463
383 7584
384 464
385 465
386 466
387 467
387 7588
388 1187
389 469
390 470
391 471
392 472
392 1191
393 473
394 474
395 475
396 476
397 477
397 7598
398 478
399 479
399 7600
400 480
401 481
402 482
403 483
404 484
405 485
406 486
406 1205
407 487
408 488
409 489
410 490
411 491
412 492
413 493
414 494
415 495
416 496
417 497
418 498
418 1217
418 1297
419 499
420 500
421 501
422 502
423 503
424 504
425 505
426 506
427 507
428 508
429 509
430 510
431 511
432 512
433 7554
434 514
435 515
436 1235
438 517
438 518
439 519
440 520
441 521
443 523
444 524
444 1243
445 525
446 526
447 527
448 528
450 530
451 531
452 532
453 533
454 534
455 535
456 536
456 1255
457 537
459 539
461 541
461 7662
462 542
463 7664
464 544
465 545
466 546
467 547
468 547
468 1267
469 549
470 550
471 551
471 7592
472 552
473 553
473 7594
473 7674
475 555
476 556
477 557
478 558
479 559
480 560
481 561
482 562
483 563
485 565
485 7686
486 566
487 567
488 568
489 569
490 570
492 572
492 1371
493 573
494 574
495 575
496 576
497 577
498 578
498 1297
499 579
500 580
501 581
502 582
503 583
504 584
505 585
507 587
508 588
509 589
509 7630
510 590
511 591
512 592
512 1311
513 593
514 594
515 595
517 518
517 7718
518 598
519 599
520 600
521 601
521 7642
522 602
523 603
523 7724
524 604
525 605
526 606
527 607
528 608
528 1327
528 1407
529 609
530 610
531 611
533 613
533 7734
534 614
535 615
536 616
537 617
538 618
539 619
539 7740
540 620
541 621
542 622
543 623
543 7744
544 624
545 625
546 626
547 627
547 7748
548 628
549 629
549 7670
550 630
551 631
552 632
553 633
554 1353
555 635
556 636
557 637
558 638
559 639
560 640
560 1359
561 641
562 642
563 643
564 644
565 645
566 646
567 647
568 648
569 649
570 650
571 651
571 7692
572 652
573 7694
574 654
575 655
576 656
577 657
578 658
579 659
580 660
581 661
582 662
583 663
585 665
586 666
586 1465
587 667
589 669
589 7790
590 670
592 672
592 1471
593 673
594 674
594 1393
595 675
595 7796
596 676
596 1395
597 677
598 678
599 679
599 7720
600 680
601 681
602 682
603 683
604 684
605 685
606 686
606 1485
607 687
608 688
609 610
609 689
609 7810
611 691
611 7732
612 692
613 693
613 7734
614 694
615 695
615 7736
615 7816
616 696
616 1415
617 697
618 698
619 699
620 700
621 701
622 702
623 703
623 7824
624 704
624 1423
625 705
626 706
627 707
628 708
629 630
629 709
630 710
630 1509
631 711
632 711
632 712
633 713
633 7754
634 714
635 715
635 7836
636 716
637 7838
638 718
638 1437
639 719
641 721
642 722
642 1441
643 723
644 724
645 725
646 726
647 727
649 729
650 730
651 731
651 7852
653 733
654 734
655 656
655 735
656 1455
656 1535
657 737
658 738
659 739
661 741
662 742
663 743
665 745
665 7786
666 746
667 747
668 748
668 1467
669 749
670 750
671 751
673 753
674 754
675 755
677 757
678 758
679 759
680 760
681 682
681 761
681 7802
682 762
682 1561
683 763
684 764
685 765
686 766
687 767
688 768
688 1567
689 769
690 770
691 771
692 772
693 7814
695 775
695 7896
696 775
696 776
696 1495
696 1575
697 777
697 7818
698 778
698 1577
699 779
700 780
701 781
702 782
703 783
704 784
705 785
705 7826
706 786
708 788
709 789
711 791
711 7832
711 7912
712 792
713 793
714 794
714 1513
715 795
716 796
717 797
717 7918
718 798
719 799
719 7920
720 800
722 801
728 1527
733 7934
737 7858
740 1539
751 7872
755 756
756 1555
763 7884
768 1567
773 7974
775 7976
778 1577
779 7900
782 1581
801 1521
801 1522
802 1522
803 1523
804 884
804 1524
805 885
805 1525
806 886
806 1526
807 887
807 1527
808 888
808 1528
809 889
809 1529
810 890
810 1530
811 891
811 1531
812 1532
813 893
813 1533
814 894
814 1534
815 895
815 1535
816 1615
816 1695
817 1537
818 898
818 1538
819 899
819 1539
820 900
820 1540
821 901
822 1542
823 903
823 1543
824 904
824 1544
825 826
825 905
825 1545
826 906
826 1546
827 907
827 1547
828 908
828 1548
829 909
829 1549
830 910
830 1550
830 1629
831 911
831 1551
832 912
832 1552
833 913
833 1553
834 914
834 1554
835 915
835 1555
836 916
837 917
837 1557
838 918
838 1558
838 1637
839 919
839 1559
840 1560
840 1639
841 921
841 1561
842 922
842 1562
843 923
843 1563
844 924
844 1564
845 925
845 1565
846 926
846 1566
846 1645
847 927
847 1567
848 1568
849 929
849 1569
850 930
850 1570
851 931
851 1571
852 932
852 1572
853 933
853 1573
854 1574
855 935
855 1575
856 936
856 1576
857 937
858 938
858 1578
859 939
859 1579
859 1580
860 940
860 1580
861 941
862 942
862 1582
862 1661
863 943
864 1584
864 1663
865 945
865 1585
866 946
866 1586
867 947
867 1587
868 948
868 1588
869 949
869 1589
870 950
870 1590
871 872
871 951
871 1591
872 952
872 1592
872 1671
873 953
873 1593
874 954
874 1594
875 1595
876 956
876 1596
877 957
877 1597
878 958
878 1598
878 1677
879 959
879 1599
880 960
880 1600
881 961
882 961
882 962
882 1681
882 1761
883 963
884 964
885 965
886 966
887 967
888 968
889 969
890 970
891 971
892 972
893 973
894 974
895 975
896 976
897 977
899 979
900 980
900 1779
902 1781
904 984
904 1783
905 985
906 986
907 987
908 988
909 989
910 990
911 912
911 991
912 992
913 993
914 994
914 1713
915 995
916 996
917 997
918 998
920 1000
921 1001
922 1002
923 1003
924 1004
925 1005
926 1006
927 928
927 1007
928 1008
929 1009
930 1010
931 1011
932 1012
933 1013
934 1014
935 1015
936 1016
937 1017
938 1018
939 1019
940 1019
940 1020
940 1739
940 1819
941 1021
942 1022
943 1023
944 1024
944 1743
945 1025
946 1026
948 1028
948 1827
949 1029
951 1031
953 1033
954 1833
955 1035
956 1035
956 1036
957 1037
958 1038
959 1039
960 1040
961 1041
962 1042
963 1043
964 1044
965 1045
966 1046
967 1047
968 1048
969 1049
970 1050
971 1051
972 1052
972 1771
973 1053
974 1054
975 1055
976 1056
977 1057
978 1058
979 1059
980 1060
981 1061
982 1062
984 1064
985 1065
987 1067
988 1068
990 1069
990 1070
991 1071
992 1072
993 1073
994 1074
995 1075
996 1076
997 1077
998 1078
999 1079
1000 1080
1001 1081
1002 1082
1003 1083
1004 1084
1005 1085
1006 1086
1007 1087
1008 1088
1009 1089
1010 1889
1011 1091
1012 1092
1013 1093
1014 1893
1015 1095
1016 1096
1017 1097
1018 1098
1019 1099
1020 1100
1020 1819
1021 1101
1022 1102
1023 1103
1024 1104
1025 1105
1026 1106
1026 1825
1027 1107
1028 1108
1029 1109
1030 1110
1031 1032
1031 1111
1032 1112
1032 1831
1033 1113
1034 1833
1035 1115
1036 1116
1037 1117
1038 1118
1039 1119
1040 1120
1042 1122
1043 1123
1044 1124
1045 1125
1046 1126
1047 1127
1048 1128
1049 1129
1050 1130
1050 1849
1051 1131
1052 1132
1053 1054
1053 1133
1054 1134
1054 1933
1055 1135
1056 1136
1056 1935
1058 1138
1059 1060
1059 1139
1060 1140
1061 1141
1062 1142
1063 1143
1064 1144
1065 1145
1066 1146
1066 1865
1067 1147
1068 1148
1069 1149
1070 1150
1071 1151
1073 1153
1074 1154
1075 1155
1076 1156
1077 1157
1078 1158
1079 1159
1080 1160
1080 1879
1082 1162
1083 1163
1084 1164
1085 1165
1086 1166
1087 1167
1089 1169
1090 1170
1090 1889
1091 1171
1092 1172
1092 1971
1093 1173
1094 1174
1095 1175
1096 1176
1096 1895
1097 1177
1098 1178
1098 1897
1099 1179
1101 1181
1102 1182
1103 1183
1104 1184
1105 1185
1106 1186
1107 1187
1108 1188
1108 1907
1110 1190
1111 1191
1112 1192
1113 1193
1114 1194
1114 1993
1115 1195
1116 1196
1116 1915
1117 1197
1118 1198
1119 1199
1120 1200
1121 1201
1122 1202
1123 1203
1124 1204
1125 1205
1127 1207
1128 1208
1129 1209
1131 1211
1132 1212
1133 1213
1134 1214
1135 1215
1136 1216
1137 1217
1138 1218
1139 1219
1140 1220
1141 1221
1142 1222
1143 1223
1145 1146
1147 1227
1148 1228
1148 1947
1149 1229
1150 1230
1152 1232
1152 2031
1153 1233
1154 1234
1155 1235
1156 1236
1156 1955
1157 1237
1158 1238
1159 1239
1160 1240
1161 1241
1162 1242
1163 1243
1164 1244
1165 1245
1166 1246
1167 1247
1168 1248
1169 1249
1170 1250
1171 1251
1172 1252
1173 1253
1174 1254
1175 1255
1176 1256
1177 1257
1178 1258
1178 1977
1178 2057
1179 1259
1180 1260
1181 1261
1182 1262
1183 1263
1185 1265
1186 1266
1187 1267
1188 1268
1190 1270
1191 1271
1193 1273
1194 1274
1195 1275
1197 1277
1199 1279
1201 1281
1202 1282
1203 1283
1204 1284
1205 1285
1206 1286
1207 1287
1208 1288
1209 1289
1210 1290
1211 1291
1212 1292
1213 1293
1215 1295
1217 1297
1218 1298
1219 1299
1220 1300
1222 1302
1223 1303
1225 1305
1226 1306
1227 1307
1228 1308
1229 1309
1230 1310
1230 2109
1231 1311
1232 1312
1232 2031
1233 1313
1234 1314
1235 1236
1235 1315
1236 1316
1237 1317
1238 1318
1241 1321
1242 1322
1243 1323
1244 1324
1245 1325
1246 1326
1247 1327
1248 1328
1249 1329
1250 1330
1250 2049
1251 1331
1252 1332
1253 1333
1254 1333
1254 1334
1254 2053
1255 1335
1256 1336
1257 1337
1258 1338
1258 2057
1259 1339
1260 1340
1261 1341
1262 1342
1263 1343
1264 1344
1265 1345
1266 1346
1266 2145
1267 1347
1268 1348
1270 1350
1271 1351
1272 1352
1273 1353
1274 1354
1275 1355
1277 1357
1278 1358
1279 1359
1280 1359
1280 1360
1281 1361
1282 1362
1282 2081
1283 1363
1284 1364
1285 1365
1286 1366
1287 1367
1288 1368
1288 2087
1289 1369
1290 1370
1291 1371
1292 1372
1293 1373
1294 2093
1294 2173
1295 1375
1296 2095
1297 1377
1298 1378
1300 1380
1301 1381
1302 1382
1303 1383
1304 1384
1305 1385
1306 1386
1307 1387
1309 1389
1310 2189
1312 1391
1312 1392
1312 2191
1313 1393
1314 1394
1314 2193
1315 1395
1316 2195
1317 1397
1318 1398
1319 1399
1320 1400
1321 1401
1323 1403
1324 1404
1325 1405
1326 1406
1327 1407
1328 1408
1329 1409
1330 2129
1331 1411
1332 1412
1333 1413
1334 1414
1335 1415
1336 1416
1337 1417
1338 1418
1339 1419
1340 1420
1341 1421
1342 1422
1343 1423
1344 1424
1345 1425
1346 1426
1346 2145
1347 1427
1348 1428
1349 1429
1350 1430
1350 2229
1351 1431
1352 1432
1352 2151
1353 1433
1354 1434
1355 1435
1356 1435
1356 1436
1357 1437
1359 1439
1360 1440
1361 1441
1362 1442
1362 2161
1363 1443
1364 1444
1365 1445
1366 1446
1367 1447
1368 1448
1369 1449
1370 1450
1371 1451
1372 2171
1373 1453
1374 1454
1375 1455
1376 1456
1377 1457
1378 1458
1379 1459
1380 1460
1381 1461
1382 2181
1383 1463
1384 1464
1385 1465
1387 1467
1388 1468
1389 1469
1390 1470
1391 1471
1392 1472
1393 1473
1395 1475
1396 1476
1397 1477
1398 1478
1398 2197
1399 1479
1400 1480
1401 1402
1402 1482
1402 2281
1403 1483
1404 1484
1405 1485
1406 1485
1406 2285
1407 1487
1408 1488
1409 1489
1410 1490
1411 1491
1412 1492
1412 2291
1413 1493
1414 1494
1415 1495
1416 1496
1417 1497
1418 1498
1419 1499
1420 2299
1421 1501
1422 1502
1422 2221
1423 1503
1424 1504
1425 1505
1426 1506
1429 1509
1431 1511
1432 1512
1433 1513
1434 1514
1435 1436
1435 1515
1436 1516
1437 1517
1438 1518
1439 1519
1440 1520
1440 2319
1441 1521
1443 1523
1444 1524
1445 1525
1446 1526
1446 2325
1447 1527
1448 1528
1449 1529
1450 1530
1451 1531
1452 1532
1452 2251
1453 1533
1454 1534
1455 1535
1456 1535
1456 1536
1457 1537
1458 1538
1459 1539
1460 1540
1461 1541
1462 1541
1462 1542
1462 2261
1463 1543
1464 1544
1465 1545
1466 1546
1467 1547
1469 1549
1470 1550
1471 1551
1472 1552
1473 1553
1474 2273
1475 1555
1476 1556
1477 1557
1479 1559
1480 1560
1480 2359
1481 1561
1483 1563
1486 1566
1486 2285
1487 1567
1488 1567
1488 1568
1489 1569
1490 1570
1491 1571
1492 1572
1493 1573
1494 1574
1495 1575
1496 1576
1497 1577
1498 1578
1499 1579
1500 1580
1501 1581
1502 1581
1502 1582
1503 1583
1504 1583
1504 1584
1506 1586
1507 1587
1508 1588
1510 1590
1511 1591
1512 1592
1513 1593
1514 1594
1515 1595
1516 1596
1517 1597
1518 1598
1519 1599
1520 1600
1526 2325
1535 1536
1554 2353
1560 1639
1567 1568
1574 2373
1577 1578
1601 1681
1601 2321
1602 1682
1602 2322
1603 2323
1604 1684
1604 2324
1605 1685
1606 1685
1606 1686
1606 2326
1607 1687
1607 2327
1608 1688
1609 1689
1609 2329
1610 1690
1610 2330
1611 1691
1612 1692
1612 2332
1613 1693
1613 2333
1614 2334
1615 1695
1615 2335
1616 1696
1616 2336
1617 1697
1617 2337
1618 2338
1619 1699
1619 2339
1620 1700
1620 2340
1621 1701
1621 2341
1622 1702
1622 2342
1622 2501
1623 1703
1623 2343
1624 1704
1624 2344
1625 1705
1625 2345
1626 1706
1626 2346
1627 1707
1627 2347
1628 1708
1628 2348
1629 1709
1629 2349
1630 1710
1630 2350
1631 1711
1631 2351
1632 1712
1632 2352
1633 1713
1633 2353
1634 1714
1634 2433
1635 1715
1635 2355
1636 2356
1637 1717
1637 2357
1637 2358
1638 1718
1638 2358
1639 1719
1639 2359
1640 1720
1641 1721
1641 2361
1642 1722
1642 2362
1643 1723
1643 2363
1644 1724
1644 2364
1645 1646
1645 1725
1645 2365
1646 1726
1646 2366
1647 1727
1647 2367
1648 1728
1648 2368
1649 1729
1649 2369
1650 1730
1650 2370
1651 1731
1651 2371
1652 1732
1652 2372
1653 1733
1653 2373
1654 1734
1654 2374
1655 2375
1656 1736
1656 2376
1657 1737
1657 2377
1658 1738
1658 2378
1659 1739
1659 2379
1660 1740
1660 2380
1661 1741
1661 2381
1661 2382
1662 1742
1662 2382
1664 2384
1665 1745
1665 2385
1666 1746
1666 2386
1666 2465
1667 1747
1667 2387
1668 1748
1668 2388
1669 1749
1669 2389
1670 1750
1670 2390
1671 1751
1671 2391
1672 1752
1672 2392
1672 2471
1673 1753
1673 2393
1674 1754
1674 2394
1675 1755
1675 2395
1676 1756
1676 2396
1677 1757
1677 2397
1678 1758
1678 2398
1679 1759
1679 2399
1680 1760
1680 2400
1680 2479
1681 1761
1682 1762
1683 1763
1684 1764
1685 1765
1686 1766
1687 1767
1688 1768
1689 1769
1690 1770
1691 1771
1692 1772
1693 1773
1694 1774
1695 1775
1697 1777
1698 1778
1699 1779
1700 1780
1700 2579
1701 1781
1702 1782
1703 1783
1704 1784
1705 1785
1706 1786
1706 2505
1707 1787
1709 1789
1710 1790
1711 1791
1712 1792
1712 2511
1713 1793
1714 1794
1715 1795
1716 1796
1717 1797
1718 1798
1719 1799
1720 1800
1721 1801
1722 1802
1723 1803
1724 1804
1726 1806
1727 1807
1728 1808
1729 1809
1730 1810
1730 2529
1731 1811
1733 1813
1734 1814
1735 1815
1736 1816
1738 1818
1739 1819
1740 1820
1741 1821
1742 1822
1743 1823
1745 1825
1746 1826
1747 1827
1748 1828
1749 1829
1750 1830
1750 2549
1751 1831
1752 1832
1753 1754
1753 1833
1754 1833
1754 2553
1755 1835
1756 1836
1757 1837
1758 1838
1759 1839
1760 1840
1761 1841
1762 1842
1762 2561
1763 1843
1765 1845
1766 1846
1766 2645
1767 1847
1768 1848
1769 1849
1770 1850
1771 1851
1772 1852
1773 1853
1774 1854
1774 2573
1775 1855
1776 1856
1777 1857
1778 1858
1779 1859
1780 1860
1780 2659
1783 1863
1784 1864
1786 1866
1786 2585
1787 1867
1788 1868
1789 1869
1790 1870
1790 2589
1791 1871
1792 1872
1793 1873
1794 1874
1795 1875
1796 1876
1797 1877
1798 1878
1800 1880
1800 2599
1801 1881
1802 1882
1802 2601
1803 1883
1805 1885
1806 1886
1807 1887
1808 1888
1809 1889
1810 1889
1810 2609
1810 2689
1811 1891
1812 1892
1812 2611
1813 1893
1814 1894
1814 2613
1815 1816
1815 1895
1816 2615
1817 1897
1818 1898
1818 2617
1819 1899
1820 1900
1820 2619
1821 1901
1822 1902
1823 1903
1824 1904
1825 1905
1826 1906
1827 1907
1828 1908
1829 1909
1831 1911
1832 2711
1834 1914
1834 2633
1835 1915
1836 1916
1837 1917
1838 1918
1838 2637
1839 1919
1841 1921
1842 1922
1843 1923
1844 1924
1845 1925
1848 1928
1848 2727
1849 1850
1849 1929
1851 1931
1852 1932
1853 1933
1854 1934
1855 1935
1856 1936
1857 1937
1858 1938
1859 1939
1860 1940
1861 1862
1861 1941
1862 1942
1862 2741
1863 1943
1864 1944
1865 1945
1866 1946
1866 2665
1866 2745
1867 1947
1868 1948
1869 1949
1870 1950
1871 1951
1872 1952
1872 2671
1873 1953
1874 1954
1875 1955
1877 1957
1878 1958
1879 1959
1880 1960
1881 1961
1882 1962
1883 1963
1884 1964
1885 1965
1886 1966
1886 2685
1887 1967
1888 1968
1890 1970
1891 1971
1892 1972
1893 1973
1894 1974
1895 1975
1896 1976
1898 1978
1898 2697
1900 1980
1901 1981
1902 1982
1903 1983
1904 1984
1904 2703
1905 1985
1906 1986
1906 2705
1907 1987
1908 1988
1909 1989
1910 1990
1910 2709
1911 1991
1912 1992
1913 1993
1914 1994
1915 1995
1916 1996
1917 1997
1918 1998
1919 1999
1920 2000
1921 2001
1922 2002
1923 2003
1925 2005
1926 2006
1927 2007
1928 2008
1928 2807
1929 2009
1930 2010
1932 2012
1933 2013
1934 2014
1935 2015
1936 2016
1937 2017
1938 2018
1938 2737
1939 1940
1939 2019
1940 2019
1940 2819
1941 2021
1942 2022
1943 2023
1944 2024
1945 2025
1946 2026
1948 2028
1948 2747
1949 2029
1950 2030
1951 2031
1952 2031
1952 2032
1953 2033
1955 2035
1956 2036
1957 2037
1959 2039
1960 2040
1961 2041
1963 2043
1964 2044
1965 2045
1966 2046
1967 2047
1968 2048
1969 2049
1970 2050
1971 2051
1972 2052
1973 2053
1974 2054
1975 2055
1976 2056
1977 2057
1979 1980
1979 2059
1980 2859
1981 2061
1982 2062
1983 2063
1984 2064
1985 2065
1986 2066
1987 2067
1989 2069
1990 2070
1991 2071
1993 2073
1994 2074
1995 2075
1996 2076
1997 2077
1998 2078
1999 2079
2000 2080
2001 2081
2002 2082
2003 2083
2004 2084
2005 2085
2006 2086
2007 2087
2008 2088
2009 2089
2010 2090
2012 2092
2013 2093
2014 2893
2015 2095
2016 2096
2017 2097
2019 2099
2020 2100
2023 2103
2024 2104
2025 2105
2026 2106
2027 2107
2028 2108
2029 2109
2030 2110
2031 2032
2032 2112
2032 2831
2033 2113
2034 2114
2034 2833
2035 2115
2036 2116
2036 2915
2037 2117
2038 2118
2039 2119
2040 2120
2041 2121
2042 2122
2042 2921
2043 2123
2044 2124
2045 2125
2046 2126
2047 2127
2048 2128
2049 2129
2050 2130
2051 2131
2052 2132
2052 2931
2053 2133
2054 2134
2055 2135
2056 2136
2057 2058
2058 2138
2058 2857
2059 2139
2061 2141
2062 2142
2062 2861
2063 2143
2065 2145
2066 2146
2067 2068
2067 2147
2068 2947
2069 2149
2070 2150
2070 2869
2071 2151
2073 2153
2074 2154
2075 2155
2076 2156
2076 2875
2078 2158
2079 2159
2080 2160
2081 2161
2082 2162
2083 2163
2084 2164
2085 2165
2087 2167
2088 2168
2089 2169
2090 2170
2090 2969
2091 2171
2092 2172
2093 2173
2094 2174
2095 2175
2096 2176
2097 2177
2098 2178
2098 2897
2098 2977
2099 2179
2100 2180
2101 2181
2102 2182
2103 2183
2104 2184
2105 2185
2106 2186
2107 2187
2110 2190
2111 2191
2112 2192
2113 2193
2114 2194
2115 2195
2116 2196
2116 2915
2117 2197
2118 2198
2119 2199
2120 2200
2121 2201
2123 2203
2124 2204
2125 2126
2125 2205
2126 2206
2126 3005
2127 2207
2128 2208
2129 2209
2130 2210
2131 2211
2132 2212
2133 2213
2134 2214
2134 3013
2135 2215
2136 2216
2136 2935
2137 2217
2138 2218
2139 2219
2140 2220
2141 2221
2143 2223
2144 2224
2145 2225
2147 2227
2149 2229
2150 2230
2152 2232
2153 2233
2154 2234
2155 2235
2157 2237
2158 2238
2159 2239
2160 2240
2161 2241
2163 2243
2164 2244
2164 2963
2165 2245
2166 2246
2166 2965
2168 3047
2169 2249
2171 2251
2172 2252
2173 2253
2174 2254
2175 2255
2176 2975
2177 2257
2178 2258
2179 2259
2180 2260
2181 2261
2183 2263
2185 2265
2186 2266
2187 2267
2188 3067
2189 2269
2191 2271
2192 2272
2193 2273
2194 2274
2195 2275
2196 3075
2197 2277
2198 2278
2198 2997
2199 2279
2201 2281
2203 2283
2204 2284
2205 2285
2206 2286
2207 2287
2208 2288
2209 2289
2210 2290
2211 2291
2212 2292
2212 3091
2213 2293
2214 2294
2215 2295
2216 2296
2217 2297
2218 2298
2219 2299
2220 2300
2221 2301
2222 2302
2223 2303
2224 2304
2225 2305
2226 2305
2226 2306
2227 2307
2228 2308
2229 2309
2230 2310
2230 3029
2231 2311
2232 2312
2233 2313
2234 2314
2234 3033
2235 2315
2236 2316
2237 2317
2238 2318
2239 2319
2240 2320
2241 2321
2242 2322
2243 2323
2244 2324
2245 2325
2246 2325
2246 2326
2247 2327
2248 2328
2249 2329
2251 2331
2252 2332
2253 2333
2254 2334
2255 2335
2256 2336
2256 3055
2257 2337
2258 2338
2259 2339
2260 2340
2261 2341
2263 2343
2265 2345
2266 2346
2267 2347
2269 2349
2270 2349
2270 3069
2271 2351
2272 2352
2273 2353
2274 2354
2275 2355
2276 2356
2276 3075
2277 2357
2278 2358
2278 3157
2279 2359
2280 2360
2282 2362
2283 2363
2284 2364
2284 3083
2285 2365
2286 2366
2287 2367
2289 2369
2290 2370
2291 2292
2291 2371
2293 2373
2294 2374
2295 2375
2296 2376
2297 2377
2299 2379
2300 2380
2301 2381
2302 2382
2303 2383
2304 2384
2305 2306
2305 2385
2306 2386
2307 2387
2308 2388
2310 2390
2311 2391
2312 2392
2313 2393
2314 2394
2315 2395
2316 2396
2317 2397
2318 2398
2319 2399
2320 2400
2322 2401
2325 2326
2352 2431
2359 2360
2368 3167
2369 2370
2370 2449
2400 3199
2401 2481
2401 3121
2402 2482
2402 3122
2403 2483
2403 3123
2404 2484
2404 3124
2405 2485
2405 3125
2406 2486
2406 3126
2407 2487
2407 3127
2408 2488
2408 3128
2409 2489
2409 3129
2410 2490
2410 3130
2410 3209
2411 2491
2411 3131
2412 2492
2412 3132
2413 2493
2413 3133
2414 2494
2414 3134
2415 2495
2415 3135
2416 3136
2417 2497
2417 3137
2418 2498
2418 3138
2419 2499
2420 2500
2420 3140
2421 2501
2421 3141
2422 2501
2422 3142
2423 2503
2423 3143
2424 2504
2424 3144
2425 2505
2425 3145
2426 2506
2426 3146
2426 3225
2427 2507
2427 3147
2428 3148
2428 3227
2429 2509
2429 3149
2430 2510
2430 3150
2430 3309
2431 2511
2431 3151
2431 3152
2432 2512
2432 3152
2433 2513
2433 3153
2434 2514
2434 3154
2435 3155
2436 2516
2436 3156
2437 2517
2437 3157
2438 2518
2438 3158
2439 3159
2440 2520
2440 3160
2440 3239
2441 2521
2442 2522
2442 3162
2443 2523
2443 3163
2444 3164
2445 2525
2445 3165
2446 2526
2446 3166
2447 2527
2447 3167
2448 2528
2448 3168
2448 3247
2449 3169
2450 2530
2450 3170
2451 2531
2451 3171
2452 2531
2452 3172
2453 2533
2453 3173
2454 2534
2454 3174
2455 2535
2455 3175
2456 3335
2457 2537
2457 3177
2458 2538
2458 3178
2459 2539
2460 2540
2460 3180
2461 2541
2461 3181
2462 2542
2462 3182
2463 2543
2463 3183
2464 2543
2464 2544
2464 3184
2465 2545
2465 3185
2466 2546
2466 3186
2466 3265
2467 2547
2467 3187
2468 3188
2468 3267
2469 2549
2469 3189
2470 2550
2470 3190
2471 2551
2471 3191
2472 2552
2472 3192
2473 3193
2474 3194
2475 2555
2475 3195
2476 2556
2476 3196
2477 2557
2477 3197
2478 3198
2479 2559
2479 3200
2480 2560
2480 3200
2481 2561
2482 2562
2482 3281
2482 3361
2483 2563
2484 2564
2485 2565
2486 2566
2487 2567
2488 2568
2488 3287
2489 2569
2490 2570
2491 2571
2492 2572
2493 2573
2494 2574
2494 3373
2495 2575
2496 2576
2497 2577
2498 2577
2498 2578
2498 3377
2499 2579
2500 2579
2500 2580
2502 2582
2503 2583
2504 2584
2505 2585
2506 2586
2507 2587
2508 2588
2509 2589
2510 2590
2511 2591
2512 2592
2513 2593
2514 2594
2515 2595
2516 2596
2517 2597
2518 2598
2518 3317
2519 2520
2519 2599
2520 2599
2520 2600
2521 2601
2522 2602
2523 2603
2525 2605
2526 2606
2527 2607
2528 2608
2530 3409
2531 2611
2533 2613
2534 2614
2535 2615
2536 2616
2536 3335
2538 2618
2538 3337
2539 2619
2540 2620
2540 3339
2541 2621
2542 2622
2543 2623
2544 2624
2545 2625
2546 2626
2547 2627
2548 3347
2549 2629
2550 2630
2551 2631
2552 2632
2553 2633
2555 2635
2556 2636
2557 2637
2558 2638
2559 2639
2560 2640
2561 2641
2562 2642
2563 2643
2564 2644
2565 2645
2566 2646
2566 3365
2567 2647
2568 2648
2569 2649
2570 2650
2571 2572
2572 2652
2573 2653
2574 2654
2574 3373
2575 2655
2577 2657
2578 2658
2580 2660
2581 2661
2582 2662
2583 2663
2584 2664
2585 2665
2586 2666
2587 2667
2588 2668
2589 2669
2591 2671
2592 2672
2593 2673
2594 2674
2595 2675
2596 2676
2597 2677
2598 2678
2599 2679
2600 2680
2601 2681
2602 2682
2603 2683
2604 2684
2605 2685
2606 2686
2607 2687
2608 2688
2610 2690
2611 2691
2612 2692
2613 2693
2614 2694
2615 2695
2616 2696
2617 2697
2618 2697
2619 2699
2620 2700
2620 3419
2621 2701
2623 2703
2624 2703
2624 2704
2625 2705
2626 2706
2627 2707
2628 2708
2628 3427
2629 2709
2630 2710
2631 2711
2632 2712
2632 3431
2633 2713
2635 2715
2636 2716
2637 2717
2638 2718
2639 2719
2640 3519
2641 2721
2642 3441
2642 3521
2643 2723
2644 2724
2645 2725
2646 3525
2647 2727
2648 2728
2649 2729
2650 2730
2651 2731
2652 2732
2653 2733
2654 3533
2655 2735
2656 2736
2657 2737
2658 2738
2659 2739
2660 2740
2660 3459
2661 2741
2662 2742
2662 3541
2663 2743
2664 2744
2664 3543
2665 2745
2666 2745
2666 2746
2666 3545
2667 2747
2668 2748
2668 3547
2669 2749
2670 3469
2671 2751
2672 2752
2673 2753
2674 2754
2675 2755
2677 2757
2678 2758
2679 2759
2680 2760
2681 2761
2682 2762
2683 2763
2684 2764
2685 2765
2686 2766
2688 2768
2689 2769
2690 2770
2691 2771
2692 2772
2693 2773
2694 2774
2695 2775
2696 2776
2697 2777
2699 2779
2700 2780
2701 2781
2702 2782
2703 2783
2705 2785
2706 2786
2707 2787
2708 2788
2709 2789
2710 2790
2710 3509
2711 2791
2712 3511
2713 2793
2714 2794
2715 2795
2716 2796
2717 2797
2718 2798
2718 3517
2719 2799
2720 2800
2721 2801
2722 2802
2722 3521
2723 2803
2724 2804
2725 2805
2726 2806
2727 2807
2728 2808
2729 2809
2730 2810
2731 2811
2732 2812
2733 2813
2734 2814
2735 2815
2737 2817
2738 2818
2739 2819
2743 2823
2744 2824
2745 2825
2746 2826
2746 3545
2746 3625
2747 2827
2748 2828
2748 3547
2749 2829
2750 2830
2751 2831
2752 3551
2753 2833
2755 2835
2756 2835
2757 2837
2758 2838
2759 2839
2760 2840
2761 2841
2762 2842
2762 3561
2763 2843
2764 2844
2765 2845
2766 2846
2767 2847
2768 2848
2769 2849
2770 2850
2771 2851
2772 2852
2773 2853
2774 2854
2775 2855
2776 2856
2777 2857
2778 2858
2779 2859
2782 2862
2783 2784
2783 2863
2784 3663
2785 2865
2786 2866
2787 2867
2788 3667
2789 2869
2790 2870
2791 2871
2792 2872
2793 2873
2794 2874
2795 2875
2797 2877
2798 2878
2799 2879
2800 2880
2800 3679
2801 2881
2803 2883
2804 2884
2805 2885
2806 2886
2807 2887
2808 2888
2809 2889
2810 2890
2810 3689
2811 2891
2812 2891
2812 2892
2813 2893
2814 2894
2815 2895
2816 2895
2817 2897
2818 2898
2820 2900
2821 2901
2822 2902
2823 2824
2823 2903
2824 2904
2824 3703
2825 2905
2826 2906
2826 3625
2827 2828
2827 2907
2828 2908
2829 2909
2830 2910
2831 2911
2832 2912
2833 2913
2834 2914
2837 2917
2839 2919
2841 2921
2842 2922
2843 2923
2844 2924
2845 2925
2846 2926
2847 2927
2848 2928
2849 2929
2850 3649
2851 2931
2852 2932
2854 2934
2855 2935
2856 2936
2857 2937
2858 2938
2859 2939
2861 2941
2862 2942
2862 3661
2863 2943
2864 2944
2864 3743
2866 2946
2867 2947
2869 2949
2870 2950
2872 2952
2874 2954
2875 2955
2876 2956
2877 2957
2878 2958
2879 2959
2881 2961
2882 2962
2882 3681
2883 2884
2883 2963
2884 2964
2885 2965
2886 2966
2887 2967
2888 2968
2889 2969
2890 2970
2891 2971
2896 2976
2897 2977
2898 2978
2900 2979
2900 2980
2900 3699
2901 2981
2902 2982
2903 2983
2904 2984
2904 3783
2905 2985
2906 2986
2907 2987
2908 2988
2909 2989
2910 2990
2911 2991
2912 2992
2913 2993
2915 2916
2915 2995
2916 2996
2918 2998
2919 2999
2920 3000
2922 3002
2923 2924
2923 3003
2924 3004
2925 3005
2926 3006
2927 3007
2928 3008
2929 3009
2930 3010
2931 3011
2932 3012
2933 3013
2934 3014
2935 3015
2936 3016
2937 3017
2940 3020
2941 3021
2942 3022
2943 3023
2944 3024
2945 3025
2946 3026
2947 3027
2948 3028
2948 3747
2949 3029
2950 3030
2951 2952
2951 3031
2952 3031
2952 3751
2952 3831
2953 3033
2954 3034
2954 3753
2956 3036
2957 3037
2958 3038
2959 3039
2960 3040
2960 3759
2961 3041
2963 3043
2965 2966
2965 3045
2966 3046
2967 3047
2968 3048
2968 3767
2969 3049
2970 3050
2971 3051
2972 3052
2973 3053
2974 3054
2975 3055
2976 3056
2977 3057
2978 3058
2978 3777
2979 3059
2980 3060
2981 3061
2982 3062
2983 3063
2984 3064
2985 3065
2986 3066
2987 3067
2988 3068
2988 3787
2989 3069
2990 3070
2991 3071
2992 3072
2993 3073
2994 3074
2995 3075
2996 3076
2997 3077
2998 3078
2998 3797
2999 3079
3000 3080
3001 3081
3002 3082
3003 3083
3004 3084
3005 3085
3006 3086
3007 3087
3008 3088
3009 3089
3010 3090
3011 3091
3013 3093
3014 3094
3015 3095
3016 3096
3017 3097
3018 3097
3018 3098
3019 3099
3020 3100
3021 3101
3022 3102
3023 3103
3025 3105
3026 3106
3027 3107
3028 3108
3029 3109
3030 3110
3030 3829
3031 3111
3032 3112
3033 3113
3034 3114
3035 3115
3037 3117
3038 3118
3039 3040
3039 3119
3040 3120
3040 3839
3043 3123
3044 3124
3045 3125
3046 3126
3047 3127
3048 3128
3050 3130
3051 3131
3052 3132
3052 3931
3053 3133
3054 3134
3055 3135
3057 3137
3058 3138
3058 3857
3059 3139
3060 3140
3061 3141
3062 3142
3063 3143
3064 3144
3064 3863
3065 3145
3066 3146
3067 3147
3068 3148
3069 3149
3070 3150
3071 3151
3074 3154
3074 3953
3075 3155
3076 3156
3077 3157
3079 3159
3080 3160
3080 3879
3081 3082
3081 3161
3082 3161
3082 3961
3083 3163
3084 3164
3085 3165
3086 3166
3087 3167
3088 3168
3089 3169
3090 3170
3091 3171
3092 3172
3093 3173
3094 3893
3094 3973
3095 3175
3096 3176
3097 3098
3097 3177
3098 3897
3099 3179
3100 3179
3101 3181
3102 3182
3102 3901
3103 3183
3105 3185
3107 3187
3108 3188
3109 3189
3110 3190
3111 3191
3112 3192
3113 3193
3114 3194
3115 3195
3116 3196
3117 3197
3118 3997
3119 3199
3120 3199
3120 3200
3124 3923
3136 3215
3142 3941
3146 3945
3152 3231
3152 3951
3170 3249
3180 3979
3188 3267
3198 3997
3201 3281
3201 3921
3202 3922
3203 3283
3203 3923
3204 3924
3205 3285
3205 3925
3206 3286
3206 3926
3206 4005
3207 3287
3207 3927
3208 3288
3208 3928
3209 3210
3209 3929
3210 3930
3211 3291
3211 3931
3212 3292
3212 3932
3213 3293
3213 3933
3214 3294
3214 3934
3215 3295
3215 3935
3216 3296
3216 3936
3217 3297
3217 3937
3218 3298
3218 3938
3219 3299
3219 3939
3220 3940
3221 3222
3221 3301
3221 3941
3222 3942
3222 4021
3222 4101
3223 3303
3224 3944
3225 3305
3225 3945
3226 3306
3226 3946
3227 3307
3227 3947
3228 3308
3228 3948
3228 4027
3229 3309
3229 3949
3230 3309
3230 3310
3230 3950
3231 3311
3231 3951
3232 3312
3232 3952
3233 3313
3234 3314
3234 3954
3235 3315
3236 3316
3236 3956
3237 3317
3237 3957
3238 3318
3238 3958
3238 4037
3239 3319
3239 3959
3240 3960
3241 3321
3241 3961
3242 3322
3242 3962
3243 3323
3243 3963
3243 3964
3244 3324
3244 3964
3245 3325
3245 3965
3246 3326
3246 3966
3247 3327
3247 3967
3248 3328
3248 3968
3249 3329
3249 3969
3250 3970
3251 3331
3251 3971
3252 3332
3252 3972
3253 3333
3253 3973
3254 3974
3254 4053
3255 3335
3255 3975
3256 3336
3256 3976
3257 3337
3257 3977
3258 3338
3258 3978
3259 3979
3260 3340
3260 3980
3261 3341
3261 3981
3262 3342
3262 3982
3263 3343
3263 3983
3264 3344
3265 3345
3265 3985
3266 3346
3266 3986
3267 3347
3267 3987
3268 3348
3268 3988
3269 3349
3269 3989
3270 3350
3270 3990
3271 3351
3271 3991
3272 3352
3272 3992
3272 4071
3273 3353
3273 3993
3274 3354
3274 3994
3275 3355
3276 3356
3276 3996
3277 3357
3277 3997
3278 3358
3278 3998
3279 3359
3279 3999
3280 4000
3281 3361
3282 3362
3283 3363
3284 3364
3285 3365
3286 3366
3288 3368
3289 3369
3290 3370
3291 3371
3292 3372
3293 3373
3294 3373
3295 3375
3296 3376
3296 4175
3298 3378
3298 4177
3299 3379
3300 3380
3301 3381
3302 3382
3303 3383
3304 3384
3305 3385
3306 3386
3307 3387
3308 3388
3309 3389
3310 3390
3310 4109
3311 3391
3312 3392
3313 3393
3314 3394
3316 3396
3317 3397
3318 3398
3319 3399
3321 3401
3322 3402
3323 3403
3324 4123
3325 3405
3326 3406
3327 3407
3328 3408
3329 3409
3330 3410
3331 3411
3332 3412
3333 3413
3334 3414
3336 3416
3337 3417
3338 3418
3339 3419
3340 3420
3341 3421
3342 3422
3343 3423
3344 3424
3347 3427
3349 3429
3350 3429
3351 3431
3352 3432
3353 3433
3355 3435
3356 3436
3357 3437
3358 4237
3359 3439
3360 3440
3361 3441
3362 3442
3363 3443
3364 3444
3365 3445
3366 3446
3367 3447
3370 3450
3371 3451
3372 3452
3372 4251
3373 3453
3374 3454
3374 4173
3375 3455
3376 3456
3377 3457
3378 3458
3379 3459
3380 3460
3381 3461
3382 3462
3382 4181
3383 3463
3384 3464
3385 3465
3386 3466
3387 3467
3388 3468
3389 3469
3390 3470
3390 4189
3391 3471
3392 3472
3392 4191
3393 3473
3394 3474
3395 3475
3397 3477
3398 4197
3399 3479
3400 3480
3400 4199
3401 3481
3403 3483
3404 3484
3405 3485
3406 3486
3406 4285
3407 3487
3408 3488
3409 3489
3411 3491
3413 3493
3414 3494
3415 3495
3416 3496
3417 3497
3418 3498
3419 3420
3419 3499
3420 4219
3421 3501
3422 3502
3423 3503
3425 3505
3426 4225
3427 3507
3428 3508
3430 3510
3431 3511
3432 3512
3433 3513
3434 3514
3434 4233
3435 3515
3436 3516
3437 3517
3438 3518
3438 4317
3439 3519
3440 3520
3441 3521
3442 3522
3443 3523
3444 3524
3445 3525
3446 3526
3447 3527
3448 3528
3449 3529
3450 3530
3451 3531
3452 4251
3453 3454
3453 3533
3454 3533
3455 3535
3456 3536
3457 3537
3458 3538
3459 3539
3460 3540
3460 4259
3461 3541
3462 3542
3463 3543
3465 3545
3466 3546
3467 3547
3468 3548
3469 3549
3471 3551
3472 3551
3472 3552
3472 4271
3473 3553
3474 3554
3475 3555
3477 3557
3478 3558
3479 3559
3480 3560
3482 3562
3482 4281
3483 3563
3484 3564
3485 3565
3486 3566
3487 3567
3488 3568
3489 3569
3490 3570
3491 3571
3492 3572
3493 3573
3494 3574
3495 3575
3496 3575
3496 3576
3496 4375
3497 3577
3498 3578
3498 4297
3499 3579
3500 3580
3502 3582
3503 3583
3504 3584
3505 3585
3506 3586
3507 3587
3508 4307
3510 3590
3510 4309
3511 3591
3513 3593
3514 3594
3515 3595
3516 3596
3517 3597
3518 3598
3519 3599
3520 4399
3521 3601
3522 3602
3523 3603
3524 3604
3525 3605
3526 3606
3527 3528
3529 3609
3530 3610
3531 3611
3532 3612
3533 3613
3534 3614
3535 3615
3536 3616
3538 4417
3539 3619
3540 3620
3540 4419
3541 3621
3542 3622
3543 3544
3543 3623
3544 3624
3544 4343
3544 4423
3545 3546
3545 3625
3546 3626
3547 3548
3547 3627
3548 3628
3549 3629
3550 3630
3551 3631
3552 3632
3553 3633
3554 3634
3555 3635
3556 3636
3557 3637
3558 3638
3559 3639
3561 3641
3562 3642
3563 3643
3564 3644
3565 3645
3566 3646
3566 4445
3567 3647
3568 3648
3570 3650
3571 3651
3572 3652
3573 3653
3574 3654
3575 3655
3576 3656
3577 3657
3578 3658
3579 3659
3580 3660
3581 3661
3582 3662
3583 3663
3584 3664
3585 3665
3588 3668
3589 3669
3590 3670
3590 4389
3591 3671
3592 4391
3593 3673
3594 3674
3595 3675
3597 3677
3599 3679
3600 3679
3601 3681
3602 3682
3603 3683
3604 3684
3605 3685
3606 3686
3607 3687
3609 3689
3610 3690
3612 3692
3613 3693
3614 3694
3615 3695
3616 3696
3616 4495
3617 3697
3619 3699
3620 3700
3620 4419
3621 3701
3622 3702
3623 3703
3625 3705
3626 3706
3627 3707
3628 3708
3629 3709
3630 3710
3631 3711
3632 3711
3633 3713
3635 3715
3636 3716
3637 3717
3638 3718
3638 4437
3641 3721
3642 3722
3644 3724
3645 3725
3646 3726
3647 3727
3648 3728
3649 3729
3650 3730
3651 3731
3652 3732
3653 3733
3654 3734
3655 3735
3656 3736
3656 4535
3657 3737
3658 3738
3659 3739
3660 3740
3661 3741
3662 3742
3663 3743
3664 3744
3665 3745
3666 4465
3667 3747
3668 3748
3669 3749
3670 3750
3671 3751
3672 4471
3673 3753
3674 3754
3675 3755
3676 3755
3677 3757
3678 3758
3678 4477
3679 3759
3680 3760
3681 3761
3682 3762
3683 3763
3684 3764
3685 3765
3686 3766
3686 4485
3687 3767
3688 3768
3689 3690
3689 3769
3691 3771
3692 3772
3693 3773
3694 3774
3695 3775
3696 3776
3697 3777
3698 3778
3698 4497
3699 3779
3700 3780
3701 3781
3702 3782
3703 3704
3703 3783
3704 3784
3705 3785
3707 3787
3708 3788
3709 3789
3710 3790
3711 3791
3713 3793
3714 3794
3715 3795
3716 3796
3717 3797
3718 3798
3719 3799
3720 3800
3721 3801
3722 3802
3723 3803
3724 3804
3725 3805
3726 3806
3727 3807
3728 3808
3729 3809
3730 3810
3730 4529
3731 3811
3732 3812
3733 3813
3734 3814
3735 3815
3736 3816
3737 3817
3738 3818
3739 3819
3740 4619
3741 3821
3742 3822
3743 3823
3744 3824
3745 3825
3746 4545
3747 3827
3748 3828
3749 3829
3750 3830
3751 3831
3752 3832
3753 3833
3754 3834
3755 3835
3756 3835
3756 3836
3757 3837
3759 3839
3760 3840
3761 3841
3762 3842
3764 3844
3765 3845
3766 3846
3767 3847
3768 3848
3769 3849
3770 3849
3770 3850
3771 3851
3772 3852
3773 3853
3774 3854
3775 3855
3776 3856
3778 3858
3779 3859
3780 3860
3781 3861
3782 3862
3783 3863
3784 3864
3784 4583
3785 3865
3787 3867
3788 3868
3790 3870
3791 3871
3792 3872
3793 3873
3794 3874
3795 3875
3796 3876
3797 3877
3798 3878
3798 4597
3799 3879
3800 3880
3801 3881
3802 3882
3803 3883
3804 3884
3805 3885
3806 3886
3807 3887
3808 3888
3809 3889
3811 3891
3812 3892
3813 3893
3814 3894
3815 3895
3816 3896
3817 3897
3818 3897
3818 3898
3818 4617
3819 3899
3820 3900
3820 4619
3821 3901
3822 3902
3823 3903
3824 3904
3825 3905
3826 3906
3827 3907
3828 4627
3829 3909
3830 3910
3830 4629
3831 3911
3832 3912
3833 3913
3834 3914
3835 3915
3837 3917
3838 3918
3839 3919
3840 3920
3841 3921
3842 3922
3842 4721
3843 3923
3844 3924
3845 3925
3846 3926
3847 3927
3848 3928
3849 3929
3850 3930
3851 3931
3853 3933
3854 3934
3855 3935
3856 3936
3857 3937
3858 3938
3859 3939
3860 3940
3861 3941
3862 3942
3863 3943
3864 3944
3865 3945
3866 3946
3867 3947
3868 3948
3869 3949
3870 3950
3870 4669
3871 3951
3872 3952
3873 3953
3874 3954
3875 3955
3876 3956
3877 3957
3878 3958
3879 3959
3880 3960
3881 3961
3882 3962
3882 4761
3883 3963
3884 3964
3884 4763
3886 3966
3887 3967
3888 3968
3889 3969
3890 3970
3891 3892
3891 3971
3892 4691
3893 3973
3894 3974
3895 3975
3898 3978
3899 3979
3900 3980
3901 3981
3902 3982
3903 3983
3904 3984
3905 3985
3906 3986
3907 3987
3908 3988
3909 3989
3910 3990
3910 4709
3911 3991
3912 3992
3913 3993
3914 3994
3915 3995
3916 3995
3916 3996
3917 3997
3919 3999
3920 4000
3930 4009
3954 4033
3954 4753
3960 4759
3998 4797
4001 4081
4001 4721
4002 4082
4002 4722
4002 4801
4003 4083
4003 4723
4004 4084
4004 4724
4005 4085
4005 4725
4006 4086
4006 4726
4007 4087
4007 4727
4008 4088
4008 4728
4009 4089
4010 4090
4010 4730
4011 4012
4011 4091
4011 4731
4012 4092
4012 4732
4013 4093
4013 4733
4014 4734
4015 4735
4016 4096
4016 4736
4017 4097
4017 4737
4018 4098
4018 4738
4018 4817
4019 4099
4019 4739
4020 4100
4020 4740
4021 4101
4021 4741
4022 4102
4022 4742
4023 4103
4023 4743
4024 4104
4024 4744
4025 4105
4025 4745
4026 4106
4026 4746
4027 4107
4027 4747
4028 4748
4030 4110
4030 4750
4031 4111
4031 4751
4032 4112
4032 4752
4033 4034
4033 4113
4033 4753
4034 4754
4035 4115
4035 4755
4036 4116
4036 4756
4037 4117
4037 4757
4038 4118
4038 4758
4039 4119
4039 4759
4040 4120
4040 4760
4041 4121
4041 4761
4042 4122
4042 4762
4043 4123
4043 4763
4044 4764
4044 4843
4045 4125
4045 4765
4046 4126
4046 4766
4047 4127
4048 4768
4049 4129
4049 4769
4050 4130
4050 4770
4051 4131
4051 4771
4052 4132
4052 4772
4052 4931
4053 4133
4053 4773
4053 4774
4054 4134
4054 4774
4055 4135
4055 4775
4056 4136
4056 4776
4057 4137
4057 4777
4058 4138
4058 4778
4059 4139
4059 4779
4060 4140
4060 4780
4061 4141
4061 4781
4062 4142
4062 4782
4063 4783
4064 4784
4065 4066
4065 4145
4065 4785
4066 4146
4066 4786
4067 4147
4067 4787
4068 4148
4068 4788
4069 4149
4069 4789
4070 4150
4070 4790
4072 4792
4073 4153
4073 4793
4074 4154
4074 4794
4075 4155
4075 4795
4076 4156
4076 4796
4076 4875
4076 4955
4077 4157
4077 4797
4078 4158
4078 4798
4079 4159
4079 4799
4080 4160
4080 4800
4081 4161
4082 4162
4083 4163
4084 4164
4085 4165
4086 4166
4086 4965
4087 4167
4088 4168
4088 4887
4089 4169
4090 4170
4091 4171
4092 4172
4093 4173
4094 4174
4094 4973
4095 4175
4096 4176
4097 4177
4098 4178
4099 4179
4100 4180
4101 4181
4102 4181
4103 4183
4104 4184
4105 4185
4106 4186
4107 4187
4109 4189
4110 4190
4111 4191
4112 4192
4113 4193
4115 4195
4117 4197
4118 4198
4119 4199
4120 4200
4121 4201
4122 4202
4123 4203
4124 4204
4125 4205
4126 4206
4127 4207
4129 4209
4130 4210
4132 4212
4133 4213
4134 4214
4135 4215
4136 4216
4137 4217
4138 4218
4138 5017
4139 4219
4140 4220
4140 4939
4141 4221
4142 4221
4142 4222
4143 4223
4144 4224
4144 4943
4145 4225
4146 4226
4147 4227
4148 4228
4148 5027
4149 4229
4150 4230
4151 4231
4152 4232
4152 5031
4153 4233
4154 4233
4155 4156
4155 4235
4156 4955
4157 4237
4158 4238
4159 4239
4160 4240
4160 4959
4161 4241
4162 4961
4163 4243
4164 4244
4165 4245
4166 4246
4166 4965
4167 4247
4168 4248
4169 4249
4170 4250
4171 4251
4172 4252
4173 4253
4175 4255
4176 4256
4177 4257
4178 4258
4179 4259
4180 4260
4181 4261
4182 4262
4182 4981
4183 4263
4184 4264
4185 4265
4186 4266
4187 4267
4188 4268
4189 4269
4191 4271
4192 4272
4192 4991
4192 5071
4193 4273
4194 4274
4195 4275
4196 4276
4196 4995
4197 4277
4198 4278
4199 4279
4200 4280
4201 4281
4202 4282
4203 4283
4204 4284
4205 4285
4206 4286
4206 5005
4207 4287
4208 4288
4209 4289
4210 4290
4211 4291
4212 4292
4213 4293
4214 4294
4214 5013
4215 4295
4216 4296
4218 4298
4219 4299
4220 4300
4221 4222
4221 4301
4222 4302
4223 4303
4225 4305
4226 4306
4227 4307
4228 4307
4228 5107
4229 4230
4229 4309
4230 4310
4230 5029
4231 4311
4232 4312
4234 4314
4235 4315
4236 4316
4237 4317
4238 4318
4239 4319
4240 4320
4240 5039
4241 4321
4242 4322
4244 4324
4245 4325
4246 4326
4247 4327
4248 4328
4249 4329
4250 4330
4252 4332
4253 4333
4254 4334
4255 4335
4256 4336
4257 4337
4259 4339
4260 4340
4261 4341
4262 4342
4263 4343
4264 4344
4266 4346
4267 4347
4269 4349
4270 4349
4270 5069
4271 4351
4272 4352
4272 5151
4273 4353
4274 4354
4275 4355
4276 4356
4277 4357
4278 4358
4279 4359
4280 4360
4281 4361
4282 4362
4283 4363
4284 4364
4285 4365
4286 4366
4286 5165
4287 4367
4288 4368
4289 4369
4290 4370
4291 4371
4292 4372
4293 4373
4295 4375
4298 5177
4299 4379
4300 4380
4300 5179
4301 4381
4302 4382
4302 5101
4303 4383
4304 4384
4305 4385
4306 4386
4307 4308
4307 4387
4309 4389
4310 4390
4311 4391
4312 4392
4312 5191
4313 4393
4314 4394
4315 4395
4316 4396
4317 4397
4318 4398
4318 5117
4319 4399
4320 4400
4321 4401
4322 4402
4323 4403
4324 4404
4325 4405
4326 4406
4327 4407
4328 4408
4329 4330
4329 4409
4330 4410
4331 4411
4332 4412
4333 4413
4334 4414
4335 4415
4336 4416
4337 4417
4338 5137
4339 4419
4340 4420
4343 4423
4344 5143
4345 4425
4346 4426
4347 4427
4349 4429
4350 4430
4351 4431
4352 4432
4352 5231
4353 4433
4354 4434
4355 4435
4356 4436
4357 4437
4358 4438
4359 4439
4360 4440
4361 4441
4362 4442
4363 4443
4364 5163
4365 4445
4366 4446
4367 4447
4368 4448
4369 4449
4370 4450
4371 4451
4372 4452
4373 4453
4374 4454
4375 4455
4376 4456
4376 5175
4377 4457
4378 4458
4379 4459
4380 4459
4380 4460
4381 4461
4382 4462
4383 4463
4386 4466
4387 4467
4388 4468
4389 4469
4390 4470
4391 4471
4392 4472
4392 5191
4393 4473
4394 4474
4395 4475
4396 4476
4397 4477
4398 4478
4399 4479
4400 4480
4401 4481
4402 4482
4403 4483
4404 4484
4405 4485
4406 4486
4407 4487
4408 4488
4409 4489
4410 5209
4411 4491
4412 4492
4413 4493
4414 4494
4415 4495
4416 4496
4418 4498
4419 4420
4419 4499
4421 4501
4422 4502
4423 4503
4425 4505
4426 4506
4427 4507
4428 4508
4429 4509
4431 4511
4432 4512
4433 4513
4434 4514
4435 4515
4436 4516
4437 4517
4438 4518
4438 5317
4439 4519
4440 4520
4441 4521
4443 4523
4444 4524
4445 4525
4446 4526
4447 4527
4448 4528
4449 4529
4451 4531
4452 4532
4453 4533
4454 4534
4455 4535
4457 4537
4458 4538
4458 5337
4459 4539
4460 4540
4461 4541
4462 4542
4464 4544
4465 4545
4467 4547
4469 4549
4470 5269
4471 4551
4472 4552
4473 4553
4474 4554
4475 4555
4476 4556
4477 4557
4479 4559
4480 4560
4480 5279
4481 4561
4482 4562
4483 4563
4484 4564
4484 5283
4485 4565
4486 4566
4487 4567
4488 4568
4489 4569
4490 4570
4491 4571
4492 4572
4493 4494
4493 4573
4494 4574
4495 4575
4496 4576
4497 4577
4499 4579
4501 4581
4502 4582
4503 4504
4503 4583
4504 4583
4505 4585
4506 4586
4507 4587
4508 4588
4509 4589
4510 4590
4510 5309
4511 4591
4512 4592
4513 4593
4514 4594
4515 4595
4516 4596
4517 4597
4518 4598
4519 4599
4520 4600
4521 4601
4522 4602
4522 5321
4523 4603
4524 4604
4525 4605
4526 4606
4527 4607
4528 4608
4529 4609
4531 4611
4533 4613
4534 4614
4535 4615
4536 4616
4537 4617
4539 4619
4540 4620
4541 4621
4542 4622
4542 5421
4543 4623
4544 4624
4545 4625
4546 4626
4547 4627
4548 4628
4549 4629
4550 4629
4550 5349
4551 4631
4552 4632
4553 4633
4554 4634
4555 4635
4556 4636
4557 4637
4558 4638
4559 4639
4561 4641
4562 4642
4564 4644
4565 4645
4566 4646
4567 4647
4568 4648
4569 4649
4570 4650
4571 4651
4572 4652
4573 4653
4574 4654
4575 4655
4576 4656
4577 4657
4578 5457
4579 4659
4580 4660
4580 5379
4581 4661
4582 4662
4583 4663
4584 4664
4585 4665
4586 4666
4587 4667
4588 4668
4588 5467
4589 4669
4590 4670
4590 5389
4591 4671
4592 5391
4593 4673
4594 4674
4595 4675
4596 4676
4597 4677
4598 4678
4599 4679
4600 4680
4600 5399
4601 4681
4602 4682
4603 4683
4604 4684
4605 4685
4606 4686
4607 4687
4608 4688
4609 4689
4610 5489
4611 4691
4612 4692
4613 4693
4614 4694
4615 4695
4616 4696
4617 4697
4618 4698
4619 4699
4620 4700
4621 4701
4622 4702
4622 5421
4623 4703
4624 4704
4625 4705
4626 4706
4626 5425
4627 4707
4628 4708
4629 4709
4630 4710
4630 5429
4631 4711
4632 4712
4633 4713
4634 4714
4634 5433
4635 4715
4636 4716
4638 4718
4639 4719
4640 4720
4640 5439
4641 4721
4642 4722
4643 4723
4644 4724
4645 4725
4646 4726
4646 5445
4647 4727
4648 4728
4649 4729
4651 4731
4652 4732
4653 4733
4654 4734
4655 4735
4656 4736
4656 5535
4657 4737
4658 4738
4659 4739
4660 4740
4661 4741
4662 4742
4663 4743
4664 4744
4666 4746
4667 4747
4668 4748
4669 4749
4670 4750
4671 4751
4673 4753
4674 4754
4675 4755
4677 4757
4678 4758
4679 4759
4680 4760
4681 4761
4682 4762
4682 5481
4682 5561
4683 4763
4684 4764
4685 4765
4686 4766
4687 4767
4688 4768
4689 4769
4690 4770
4691 4771
4692 4772
4692 5491
4693 4773
4694 4774
4695 4775
4696 4776
4697 4777
4698 4778
4699 4779
4700 4780
4701 4781
4702 4782
4703 4783
4704 4784
4705 4785
4706 4786
4706 5585
4707 4787
4708 4788
4709 4789
4710 4790
4711 4791
4712 4792
4713 4793
4714 4794
4714 5513
4715 4795
4716 4796
4717 4797
4718 4798
4718 5517
4719 4799
4724 4803
4726 4805
4726 5525
4730 4809
4742 5541
4760 5559
4764 5563
4771 4772
4772 4851
4786 5585
4798 5597
4801 4881
4801 5521
4802 4882
4802 5522
4803 4883
4803 5523
4804 4884
4804 5524
4805 4885
4805 5525
4806 4886
4806 5526
4807 4887
4807 5527
4808 4888
4808 5528
4809 5529
4810 4890
4810 5530
4811 4891
4811 5531
4812 4892
4812 5532
4813 4893
4813 5533
4814 5534
4815 4895
4815 5535
4816 4896
4816 5536
4817 4897
4817 5537
4818 4898
4818 5538
4819 4899
4819 5539
4820 4900
4820 5540
4821 4901
4821 5541
4822 4902
4822 5542
4823 4903
4824 4904
4824 5544
4825 4905
4825 5545
4826 4906
4826 5546
4827 4907
4827 5547
4828 4908
4828 5548
4829 4909
4829 5549
4830 4910
4830 5550
4830 5709
4831 4911
4831 5551
4832 4912
4832 5552
4833 4913
4833 5553
4834 4914
4834 5554
4834 5633
4835 4915
4835 5555
4836 4916
4836 5556
4837 4917
4838 4918
4838 5558
4838 5717
4839 4919
4839 5559
4840 5560
4841 4921
4842 4922
4842 5562
4843 4923
4843 5563
4844 4924
4844 5564
4845 5565
4846 4926
4846 5566
4846 5725
4847 4927
4847 5567
4848 4928
4848 5568
4849 4929
4849 5569
4850 4930
4850 5570
4850 5649
4850 5729
4851 4931
4851 5571
4852 4932
4852 5572
4853 4933
4853 5573
4854 4934
4854 5574
4854 5733
4855 4935
4855 5575
4856 4936
4856 5576
4857 4937
4857 5577
4858 4938
4858 5578
4859 4939
4859 5579
4860 4940
4860 5580
4861 4941
4861 5581
4862 5582
4863 4943
4863 5583
4864 4944
4864 5584
4865 4945
4866 4946
4866 5586
4867 4947
4867 5587
4868 4948
4868 5588
4869 4949
4869 5589
4870 4950
4870 5590
4871 4951
4871 5591
4872 4952
4872 5592
4873 4953
4873 5593
4874 4954
4874 5594
4875 4955
4875 5595
4876 5596
4877 4957
4878 4958
4878 5598
4879 4959
4879 5599
4880 4959
4880 4960
4880 5600
4881 4882
4881 4961
4882 4962
4883 4963
4884 4964
4886 4965
4886 4966
4887 4967
4888 4968
4889 4969
4891 4971
4892 4972
4893 4973
4894 4973
4894 4974
4894 5773
4895 4975
4896 4976
4897 4977
4898 4978
4899 4979
4901 4981
4902 4982
4903 4983
4905 4985
4906 4986
4907 4987
4908 4988
4909 4989
4910 4990
4910 5709
4911 4991
4912 4992
4913 4993
4914 4994
4915 4916
4915 4995
4916 4995
4916 4996
4917 4997
4918 4998
4919 4999
4920 5000
4920 5799
4921 5001
4922 5002
4923 5003
4925 5005
4926 5006
4926 5805
4927 5007
4928 5008
4929 5009
4930 5809
4931 5011
4932 5012
4933 5013
4937 5017
4939 5019
4940 5020
4941 5021
4943 5023
4944 5024
4945 5025
4946 5026
4947 5027
4948 5028
4949 5029
4950 5749
4951 5031
4952 5032
4953 5033
4954 5034
4955 5035
4956 5036
4957 5037
4958 5038
4959 5039
4960 5040
4961 5041
4962 5042
4964 5044
4965 5045
4966 5046
4967 5047
4968 5048
4969 5049
4970 5050
4971 5051
4972 5052
4973 5053
4974 5054
4974 5773
4975 5055
4976 5056
4977 5057
4978 5058
4979 5059
4982 5062
4983 5063
4984 5064
4985 5065
4987 5067
4989 5069
4990 5070
4991 5071
4992 5072
4993 5073
4994 5074
4995 4996
4995 5075
4996 5076
4997 5077
4998 5078
4999 5079
5000 5080
5001 5081
5002 5082
5003 5083
5004 5084
5005 5006
5005 5085
5006 5086
5006 5805
5006 5885
5007 5087
5008 5088
5009 5089
5010 5090
5011 5091
5012 5092
5013 5093
5014 5094
5015 5095
5016 5096
5017 5097
5018 5098
5019 5099
5020 5100
5020 5899
5021 5101
5022 5101
5022 5102
5023 5103
5024 5104
5024 5823
5025 5105
5026 5106
5027 5107
5028 5108
5028 5907
5029 5109
5030 5110
5031 5111
5032 5112
5033 5113
5034 5114
5035 5115
5037 5117
5038 5118
5039 5040
5039 5119
5040 5919
5041 5121
5042 5122
5043 5123
5044 5124
5045 5125
5046 5126
5047 5127
5048 5128
5048 5927
5049 5129
5050 5130
5050 5849
5051 5131
5052 5132
5053 5133
5054 5134
5055 5135
5056 5136
5057 5137
5059 5139
5061 5141
5062 5142
5063 5143
5064 5143
5064 5144
5065 5145
5067 5147
5068 5148
5069 5149
5070 5150
5071 5151
5072 5152
5073 5153
5074 5154
5075 5155
5076 5156
5077 5157
5078 5158
5079 5159
5080 5160
5081 5161
5083 5163
5084 5963
5085 5165
5086 5885
5086 5965
5087 5088
5087 5167
5088 5168
5089 5169
5090 5170
5091 5171
5092 5172
5092 5971
5093 5173
5094 5174
5094 5973
5095 5175
5097 5177
5099 5179
5100 5180
5101 5181
5102 5182
5103 5183
5104 5903
5105 5185
5106 5186
5107 5187
5108 5188
5109 5189
5111 5191
5112 5192
5113 5193
5114 5194
5115 5195
5116 5196
5117 5197
5118 5198
5119 5199
5120 5200
5121 5201
5122 5202
5122 5921
5123 5203
5125 5205
5126 5206
5127 5207
5128 5208
5129 5209
5130 5210
5131 5211
5132 5212
5133 5213
5134 5214
5134 6013
5135 5215
5136 5216
5137 5217
5138 5218
5139 5219
5140 5220
5141 5221
5142 5222
5143 5223
5144 5224
5144 5943
5145 5225
5146 5226
5148 5228
5149 5229
5150 5230
5151 5231
5152 5951
5152 6031
5153 5233
5154 5234
5154 6033
5155 5235
5156 5236
5156 6035
5157 5237
5158 5238
5160 5240
5161 5241
5162 5242
5162 5961
5163 5243
5164 6043
5165 5245
5166 5246
5166 6045
5168 5248
5169 5249
5170 5250
5170 6049
5171 5251
5172 5252
5173 5253
5174 5254
5174 5973
5176 5256
5177 5257
5178 5258
5179 5259
5181 5261
5182 5262
5183 5263
5184 5264
5185 5265
5186 5266
5187 5267
5189 5269
5190 5269
5190 5270
5191 5271
5192 5272
5193 5273
5194 5274
5194 5993
5195 5275
5196 5276
5197 5277
5199 5279
5200 5280
5201 5281
5202 5282
5203 5283
5204 6083
5205 5285
5206 5286
5207 5287
5208 5288
5209 5289
5210 5290
5211 5291
5212 5292
5213 5293
5214 5294
5215 5295
5216 5296
5216 6015
5216 6095
5217 5297
5218 5298
5218 6097
5219 5299
5220 6019
5221 5301
5222 5302
5223 5303
5224 5304
5225 5305
5227 5307
5228 5308
5228 6027
5229 5309
5230 5310
5231 5311
5232 5312
5233 5313
5234 5314
5234 6033
5235 5315
5236 5316
5237 5317
5238 5318
5239 5319
5241 5242
5241 5321
5242 6041
5242 6121
5243 5323
5244 5324
5245 5325
5246 5326
5247 5327
5248 5328
5249 5329
5250 5330
5252 5332
5252 6051
5253 5333
5254 5334
5255 5335
5256 5336
5257 5337
5258 5338
5259 5339
5260 5340
5261 5341
5262 5342
5263 5343
5264 5344
5265 5345
5266 5346
5267 5347
5269 5349
5270 5350
5271 5351
5272 5352
5273 5353
5274 5354
5275 5355
5276 5356
5277 5357
5278 5357
5278 5358
5279 5359
5280 5360
5281 5361
5282 5362
5282 6161
5283 5363
5284 5364
5285 5365
5286 5366
5286 6085
5287 5367
5288 5368
5289 5369
5291 5371
5292 5372
5293 5373
5294 5374
5295 5375
5296 5376
5297 5377
5298 5378
5299 5379
5300 5380
5301 5381
5302 5382
5303 5383
5304 5384
5305 5385
5306 5386
5307 5387
5308 5388
5310 5390
5312 5391
5312 5392
5313 5393
5314 5394
5315 5395
5316 5396
5317 5318
5317 5397
5318 5398
5319 5399
5320 5399
5320 5400
5320 6119
5320 6199
5321 5401
5322 5401
5322 6121
5322 6201
5323 5403
5324 5404
5324 6123
5325 5405
5326 5406
5327 5407
5328 5408
5329 5409
5330 5410
5331 5411
5332 5412
5333 5413
5334 5414
5335 5415
5336 5416
5337 5417
5338 5418
5339 5419
5340 5420
5341 5421
5342 5422
5343 5423
5344 5424
5345 5425
5346 5426
5347 5427
5348 5428
5349 5429
5350 5430
5350 6149
5351 5431
5352 5432
5353 5433
5354 5434
5355 5435
5356 5436
5357 5437
5358 5438
5359 5439
5360 5439
5361 5441
5362 5442
5363 5443
5364 5444
5365 5445
5366 5446
5367 5447
5368 5448
5368 6167
5369 5449
5370 5450
5370 6169
5371 5451
5372 5452
5373 5453
5374 5454
5376 5456
5377 5457
5378 5458
5379 5459
5380 5460
5381 5461
5382 5462
5383 5463
5384 6263
5385 5465
5386 5466
5386 6185
5387 5467
5388 5468
5389 5469
5391 5392
5391 5471
5393 5473
5395 5475
5396 5476
5396 6195
5397 5477
5398 5478
5400 5480
5401 5481
5402 5482
5403 5483
5405 5485
5406 5486
5407 5487
5408 5488
5408 6207
5409 5489
5411 5491
5412 5492
5413 5493
5414 5494
5415 5495
5416 5496
5417 5497
5419 5499
5420 5500
5421 5501
5423 5503
5424 5504
5426 5506
5427 5507
5428 5508
5429 5509
5430 5510
5430 6229
5431 5511
5432 5512
5433 5513
5434 5514
5436 5516
5437 5517
5438 5518
5440 5520
5441 5521
5442 5522
5443 5523
5444 5524
5445 5525
5447 5527
5449 5529
5450 5530
5452 5532
5453 5533
5454 5534
5455 5535
5456 5536
5457 5537
5458 5538
5459 5539
5460 5540
5461 5541
5462 5542
5463 5543
5464 5544
5465 5545
5466 5546
5467 5547
5468 5548
5469 5549
5471 5551
5472 5552
5473 5553
5474 5554
5475 5555
5476 5556
5477 5557
5478 5557
5478 5558
5479 5559
5480 5560
5481 5482
5481 5561
5482 5562
5483 5563
5484 5564
5485 5565
5486 6285
5487 5567
5489 5569
5490 5570
5491 5571
5492 6371
5493 5573
5494 5574
5495 5575
5496 5576
5497 5577
5498 6297
5499 5579
5500 5580
5501 5581
5502 5582
5504 5584
5505 5585
5506 5586
5506 6305
5507 5587
5508 5588
5509 5589
5510 5590
5511 5591
5512 5592
5513 5593
5514 5594
5515 5595
5516 5596
5517 5597
5518 5598
5519 5599
5520 5600
5520 6319
5535 5536
5544 6343
5550 6349
5556 6355
5561 5562
5572 6371
5578 5657
5582 5661
5582 6381
5596 5675
5601 5681
5601 6321
5602 5682
5602 6322
5603 5683
5603 6323
5604 6324
5604 6403
5605 5685
5605 6325
5606 5686
5606 6326
5606 6405
5606 6485
5607 5687
5607 6327
5608 5688
5608 6328
5609 5689
5609 6329
5610 5690
5610 6330
5611 5612
5611 5691
5611 6331
5612 5692
5612 6332
5612 6411
5613 5693
5613 6333
5614 6334
5614 6413
5614 6493
5615 5695
5615 6335
5616 6336
5617 5697
5617 6337
5618 5697
5618 6338
5619 5699
5619 6339
5620 6340
5621 5701
5622 6342
5623 5703
5623 6343
5624 5704
5624 6344
5625 5705
5625 6345
5626 5706
5626 6346
5626 6425
5627 5707
5627 6347
5628 5708
5628 6348
5628 6427
5629 5709
5629 6349
5630 5710
5630 6350
5630 6509
5631 5711
5631 6351
5632 5712
5632 6352
5633 5713
5634 5714
5634 6354
5635 5715
5635 6355
5636 6356
5636 6435
5637 5717
5637 6357
5638 5718
5638 6358
5639 5719
5639 6359
5640 5720
5640 6360
5641 5721
5641 6361
5642 5722
5642 6362
5643 5723
5643 6363
5644 5724
5644 6364
5645 5725
5645 6365
5646 5726
5646 6366
5647 5727
5647 6367
5648 5728
5648 6368
5649 5729
5649 6369
5650 5730
5650 6370
5650 6449
5651 5652
5651 5731
5651 6371
5652 5732
5652 6372
5653 5733
5653 6373
5654 6374
5654 6453
5654 6533
5655 5735
5655 6375
5656 5736
5656 6376
5657 5737
5657 6377
5658 5738
5658 6378
5659 5739
5659 6379
5660 5740
5660 6380
5661 5741
5661 6381
5662 5742
5662 6382
5663 5743
5663 6383
5664 6384
5665 5745
5665 6385
5666 5746
5666 6386
5667 5747
5667 6387
5668 5748
5668 6388
5668 6467
5669 5749
5669 6389
5670 5750
5670 6390
5671 5751
5671 6391
5672 6392
5673 5753
5673 6393
5674 5754
5674 6394
5675 5755
5675 6395
5676 5756
5676 6396
5677 5757
5677 6397
5678 5758
5678 6398
5679 5759
5679 6399
5680 5760
5680 6400
5681 5761
5682 5762
5683 5763
5684 5764
5685 5765
5686 5766
5687 5688
5687 5767
5688 5768
5689 5769
5690 5770
5691 5771
5692 5772
5693 5773
5694 5773
5694 5774
5694 6493
5694 6573
5695 5775
5696 5776
5697 5777
5698 5778
5699 5779
5700 6579
5701 5781
5703 5783
5704 5784
5705 5785
5706 5786
5707 5787
5708 5788
5709 5789
5710 6509
5711 5791
5712 5792
5712 6511
5713 5793
5714 5794
5714 6513
5715 5795
5716 5796
5716 6515
5717 5797
5718 5798
5719 5799
5720 5800
5721 5801
5722 5802
5723 5803
5725 5805
5726 5806
5727 5807
5728 5808
5729 5809
5730 5810
5731 5811
5732 5812
5732 6611
5733 5813
5734 5814
5735 5815
5736 5816
5737 5817
5738 5818
5739 5819
5740 5820
5741 5821
5742 5822
5743 5823
5744 5824
5745 5825
5746 5826
5746 6545
5747 5827
5750 5830
5751 5831
5752 5832
5753 5833
5754 5834
5756 5836
5757 5837
5758 5838
5759 5839
5760 5840
5761 5841
5762 5842
5763 5843
5764 5844
5765 5845
5766 5846
5767 5847
5768 5848
5770 5850
5770 6569
5772 5852
5774 5854
5774 6573
5775 5855
5776 5856
5779 5859
5780 5860
5781 5861
5782 5862
5783 5863
5784 5864
5785 5865
5786 5866
5787 5867
5788 5868
5788 6667
5789 5869
5791 5871
5792 5872
5793 5873
5794 5874
5795 5875
5796 5876
5796 6595
5797 5877
5798 5878
5799 5879
5800 6679
5801 5881
5802 5882
5802 6681
5803 5883
5804 5884
5806 5886
5807 5887
5808 6687
5809 5889
5810 5890
5811 5891
5812 5892
5813 5893
5814 5894
5815 5895
5816 5896
5817 5897
5818 6617
5819 5899
5820 5899
5820 6619
5821 5901
5822 5902
5823 5903
5824 5904
5825 5905
5826 5906
5827 5907
5828 5908
5829 5909
5831 5911
5832 5912
5832 6631
5833 5913
5834 5914
5835 5915
5836 5916
5837 5917
5838 5918
5839 5919
5840 5920
5841 5921
5842 5922
5843 5923
5844 5924
5845 5925
5846 5926
5846 6645
5847 5927
5848 5928
5849 5929
5850 5930
5851 5931
5852 5932
5853 5933
5854 5934
5854 6653
5855 5856
5855 5935
5856 5936
5856 6735
5857 5937
5858 5938
5859 5939
5860 5940
5861 5941
5862 5942
5864 5944
5865 5945
5866 5946
5866 6665
5867 5947
5868 5948
5869 5949
5870 5950
5872 5952
5873 5874
5873 5953
5874 5954
5875 5955
5876 5956
5876 6755
5877 5957
5878 5958
5878 6677
5879 5959
5880 5960
5881 5961
5882 5962
5883 5963
5884 5964
5885 5965
5886 5965
5886 5966
5887 5967
5888 5968
5889 5890
5889 5969
5890 5970
5891 5971
5892 5972
5893 5973
5895 5975
5896 5976
5897 5977
5899 5979
5900 5980
5901 5902
5901 5981
5902 5981
5902 5982
5902 6701
5903 5983
5904 5984
5905 5985
5906 5986
5907 5987
5908 5988
5910 5990
5911 5912
5911 5991
5912 5991
5912 6711
5913 5993
5914 5994
5915 5995
5916 5996
5917 5997
5918 5998
5919 5999
5921 6001
5922 6002
5923 6003
5925 6005
5926 6006
5927 6007
5928 6008
5929 6009
5930 6010
5933 6013
5934 6014
5935 6015
5936 6016
5937 6017
5938 6017
5938 6018
5940 6020
5941 6021
5942 6022
5943 6023
5944 6024
5945 6025
5946 6026
5946 6825
5949 6029
5950 6030
5951 6031
5952 6032
5953 6033
5954 6034
5955 6035
5956 6036
5956 6755
5957 6037
5958 6037
5958 6038
5958 6837
5959 6039
5960 6040
5961 6041
5962 6042
5963 6043
5964 6044
5965 6045
5966 6045
5966 6046
5967 6047
5968 6767
5969 6049
5970 6050
5971 6051
5972 6052
5973 6053
5974 6054
5975 6055
5977 5978
5977 6057
5978 6058
5979 6059
5980 6060
5981 6061
5982 6062
5983 6063
5984 6783
5985 6065
5986 6066
5987 6067
5988 6068
5989 6069
5990 6070
5991 6071
5992 6072
5993 6073
5994 6074
5995 6075
5996 6076
5997 6077
5998 6078
5999 6079
6000 6080
6001 6081
6002 6082
6003 6083
6004 6084
6005 6085
6006 6086
6007 6087
6008 6088
6009 6089
6010 6090
6011 6091
6013 6014
6013 6093
6014 6094
6015 6095
6016 6096
6017 6097
6018 6098
6019 6099
6020 6100
6021 6101
6022 6102
6023 6103
6024 6104
6025 6105
6026 6106
6027 6107
6028 6108
6028 6827
6030 6110
6031 6032
6031 6111
6032 6112
6032 6911
6034 6114
6035 6115
6036 6116
6038 6118
6039 6119
6040 6120
6043 6123
6044 6124
6045 6125
6047 6127
6048 6128
6049 6129
6050 6130
6052 6132
6052 6851
6053 6133
6054 6134
6055 6135
6056 6136
6057 6137
6058 6138
6059 6139
6060 6140
6061 6141
6062 6142
6063 6143
6064 6144
6065 6145
6066 6146
6067 6147
6068 6148
6068 6947
6069 6149
6070 6150
6071 6151
6072 6152
6073 6153
6075 6155
6076 6156
6077 6078
6077 6157
6078 6158
6078 6877
6079 6159
6080 6160
6081 6161
6082 6162
6082 6961
6083 6163
6084 6883
6085 6165
6086 6166
6087 6167
6088 6168
6089 6169
6091 6171
6092 6172
6092 6971
6094 6174
6095 6175
6096 6176
6099 6179
6100 6180
6101 6181
6102 6182
6103 6183
6104 6184
6105 6185
6106 6186
6107 6187
6109 6189
6111 6191
6112 6192
6113 6193
6115 6195
6116 6196
6117 6197
6118 6198
6119 6199
6120 6200
6121 6201
6122 6202
6123 6203
6124 6204
6125 6205
6126 6206
6127 6207
6128 6208
6129 6209
6131 6211
6132 6212
6133 6213
6134 6214
6135 6215
6136 6216
6137 6138
6137 6217
6138 6218
6139 6219
6140 6220
6141 6221
6142 6222
6143 6223
6144 6224
6146 6226
6147 6227
6148 6228
6149 6229
6150 6229
6151 6231
6152 6232
6152 6951
6153 6233
6154 6234
6155 6235
6156 6236
6156 6955
6157 6237
6158 6238
6159 6239
6160 6240
6161 6241
6162 6242
6162 6961
6163 6243
6164 6963
6165 6245
6167 6247
6168 6248
6169 6249
6170 6250
6171 6251
6172 6252
6172 6971
6173 6253
6174 7053
6175 6255
6176 6256
6176 6975
6177 6257
6178 6258
6179 6259
6180 6260
6181 6261
6182 6262
6183 6263
6184 6264
6185 6265
6186 6266
6187 6267
6188 6268
6189 6269
6190 6270
6191 6271
6192 6272
6193 6273
6194 6274
6194 6993
6195 6275
6196 6276
6197 6277
6198 6278
6199 6279
6200 6280
6200 6999
6201 6281
6202 6282
6203 6283
6204 6284
6205 6285
6206 6286
6206 7005
6207 6287
6209 6289
6210 6290
6211 6291
6212 6292
6213 6293
6214 6294
6215 6295
6216 6296
6218 6297
6218 6298
6219 6299
6220 6300
6221 6301
6222 6302
6223 6224
6223 6303
6224 6304
6224 7023
6225 6305
6226 6306
6227 6307
6229 6309
6230 6310
6231 6311
6232 6312
6233 6313
6234 6314
6235 6315
6236 6316
6237 6317
6238 6318
6239 6319
6240 6320
6241 6321
6242 6322
6244 6324
6245 6325
6246 6326
6247 6327
6248 6328
6250 6330
6251 6331
6252 6332
6253 6333
6254 6334
6255 6335
6256 6336
6257 6337
6258 6338
6259 6339
6260 6340
6261 6341
6262 6342
6262 7061
6263 6343
6264 6344
6264 7063
6265 6345
6266 6346
6268 6348
6269 6349
6270 6350
6271 6351
6272 6352
6273 6353
6274 6354
6275 6355
6276 6356
6277 6357
6278 6358
6278 7077
6279 6359
6280 6360
6280 7079
6281 6361
6282 6362
6283 6363
6284 6364
6285 6365
6286 6366
6287 6367
6288 6368
6289 6369
6290 6370
6291 6371
6292 6372
6293 6294
6293 6373
6295 6375
6296 6376
6297 6377
6298 6378
6299 6379
6300 6380
6302 6382
6303 6383
6305 6385
6306 6386
6306 7185
6307 6387
6308 6388
6309 6389
6310 6389
6310 6390
6311 6391
6313 6393
6314 6394
6315 6395
6316 6396
6317 6397
6318 6398
6319 6399
6320 6400
6328 6407
6336 7135
6372 7171
6394 7193
6401 6481
6401 7121
6402 6482
6402 7122
6402 7201
6403 6483
6404 6484
6404 7124
6405 6485
6405 7125
6406 6486
6406 7126
6407 6487
6407 7127
6408 6488
6408 7128
6409 6489
6409 7129
6410 6490
6410 7130
6411 6491
6411 7131
6412 6492
6412 7132
6413 7133
6414 6494
6414 7134
6415 6495
6415 7135
6416 6496
6417 6497
6417 7137
6418 6498
6418 7138
6419 6499
6419 7139
6420 7140
6421 6501
6421 7141
6422 6502
6422 7142
6423 6503
6423 7143
6424 6504
6424 7144
6425 6505
6425 7145
6426 6506
6426 7146
6427 6507
6427 7147
6428 6508
6428 7148
6429 6509
6429 7149
6430 6510
6430 7150
6430 7229
6431 6511
6431 7151
6432 6512
6432 7152
6433 6513
6433 7153
6434 6513
6434 6514
6434 7154
6435 6515
6435 7155
6436 6516
6436 7156
6437 6517
6437 7157
6437 7158
6438 6518
6439 6519
6439 7159
6440 6520
6440 7160
6441 6521
6441 7161
6442 6522
6442 7162
6443 6523
6443 7163
6444 6524
6444 7164
6445 6525
6445 7165
6445 7166
6446 6526
6446 7245
6447 6527
6447 7167
6448 6528
6448 7168
6449 6450
6449 6529
6449 7170
6450 6530
6450 7170
6450 7249
6451 6531
6451 7171
6452 6532
6452 7172
6453 6533
6453 7173
6454 6534
6454 7174
6455 6535
6455 7175
6456 6536
6456 7176
6457 6537
6457 7177
6458 6538
6458 7178
6459 6539
6459 7179
6460 6540
6460 7180
6461 6541
6461 7181
6462 6542
6462 7182
6462 7341
6463 6543
6463 7183
6464 6544
6464 7184
6465 7185
6466 6546
6466 7186
6467 6547
6467 7187
6468 6548
6468 7188
6469 6549
6469 7189
6470 6550
6470 7190
6470 7349
6471 6551
6472 6552
6472 7192
6473 7193
6474 6554
6474 7194
6475 7195
6476 6556
6476 7196
6477 6557
6478 6558
6478 7198
6479 6559
6479 7199
6480 6560
6480 7200
6481 6561
6482 6562
6484 6564
6484 7283
6485 6565
6486 6566
6487 6567
6488 6568
6489 6569
6491 6571
6492 6572
6493 6573
6494 6574
6495 6575
6497 6577
6499 6579
6500 6580
6501 6581
6502 6582
6503 6583
6504 6584
6505 6585
6506 6586
6507 6587
6508 6588
6509 6589
6510 6590
6511 6591
6512 6592
6513 6514
6513 6593
6514 6593
6514 7313
6515 6595
6516 6596
6517 6597
6518 6598
6519 6599
6520 6600
6520 7399
6521 6601
6522 6602
6523 6603
6524 6604
6525 6605
6526 6606
6527 6607
6528 6608
6529 6609
6530 6610
6531 6611
6532 6612
6533 6613
6534 6614
6534 7333
6535 6615
6536 6616
6537 6617
6539 6619
6540 6620
6541 6621
6542 6622
6543 6623
6544 6624
6546 6626
6546 7345
6547 6627
6548 6628
6549 6629
6551 6631
6552 6632
6552 7431
6553 6633
6555 6635
6556 6636
6557 6637
6559 6639
6560 6640
6561 6641
6563 6643
6564 6644
6565 6645
6566 6646
6567 6647
6568 6648
6569 6649
6570 6650
6570 7369
6571 6651
6572 6652
6573 6653
6574 6654
6574 7453
6575 6655
6577 6657
6578 6658
6579 6659
6580 6660
6581 6661
6582 6662
6583 6663
6584 6664
6585 6665
6586 6666
6587 6667
6588 6668
6589 6669
6590 6670
6591 6671
6592 6672
6594 6674
6595 6675
6597 6677
6598 6678
6599 6679
6600 6680
6601 6681
6602 6682
6603 6683
6604 6684
6605 6685
6606 6686
6607 6687
6608 6688
6609 6689
6610 6689
6610 6690
6610 7409
6610 7489
6611 6691
6612 6692
6613 6693
6614 6694
6615 6695
6616 6696
6617 6697
6618 6698
6619 6699
6620 6700
6621 6701
6622 6702
6623 6703
6624 6704
6625 6705
6627 6707
6628 6708
6629 6709
6631 6711
6632 6712
6632 7511
6633 6713
6634 6714
6634 7433
6635 6715
6636 6716
6637 6717
6638 6718
6639 6719
6640 6720
6641 6721
6642 6722
6643 6723
6645 6725
6646 6726
6647 6727
6648 6728
6649 6729
6650 6730
6651 6731
6652 6732
6653 6733
6654 6734
6655 6735
6656 6736
6656 7455
6657 6737
6658 6738
6659 6739
6661 6741
6662 6742
6663 6743
6664 6744
6665 6745
6666 6746
6667 6747
6668 6748
6669 6749
6670 6750
6671 6751
6672 6752
6672 7471
6673 6753
6676 6756
6677 6757
6679 6759
6680 6760
6681 6761
6683 6763
6684 6764
6685 6765
6686 6766
6687 6767
6688 6768
6689 6769
6691 6771
6692 6772
6693 6773
6694 6774
6695 6775
6696 6776
6697 6777
6698 6778
6699 6779
6700 6780
6701 6781
6702 6782
6703 6783
6704 6784
6704 7503
6705 6785
6706 6786
6707 6787
6708 6788
6709 6789
6710 6790
6711 6791
6712 6792
6713 6793
6715 6795
6716 6796
6717 6718
6717 6797
6718 6798
6718 7517
6719 6799
6720 6800
6720 7519
6721 6801
6722 6802
6723 6803
6724 6804
6724 7523
6725 6805
6726 6806
6727 6807
6728 6808
6729 6809
6730 6810
6731 6811
6732 6812
6732 7611
6734 6814
6734 7613
6735 6815
6736 6816
6737 6817
6738 6818
6739 6819
6740 6820
6741 6821
6742 6822
6743 6823
6745 6825
6746 6825
6746 6826
6746 7625
6747 6827
6748 6828
6749 6829
6750 6830
6751 6831
6753 6833
6755 6835
6756 6836
6757 6837
6758 6838
6759 6839
6760 6840
6761 6841
6763 6843
6764 6844
6765 6845
6766 6846
6767 6847
6769 6849
6770 6850
6772 6852
6773 6853
6774 6854
6775 6855
6776 6856
6777 6857
6778 6858
6779 6859
6780 6860
6781 6861
6782 6862
6783 6863
6785 6865
6787 6867
6788 6868
6789 6869
6790 6870
6790 7589
6791 6871
6792 6872
6793 6873
6794 6874
6794 7593
6795 6875
6796 6876
6797 6877
6798 6878
6799 6879
6800 6880
6801 6881
6802 7681
6803 6883
6804 6884
6805 6885
6806 6886
6806 7605
6807 6887
6808 6888
6808 7607
6809 6889
6810 6890
6810 7609
6811 6891
6812 6892
6812 7611
6813 6893
6814 6894
6814 7613
6815 6895
6816 6896
6817 6897
6818 6898
6820 6900
6822 6902
6823 6903
6824 6904
6826 6906
6826 7625
6827 6907
6828 6908
6829 6909
6830 6910
6831 6911
6832 6912
6833 6913
6834 6914
6834 7713
6835 6915
6837 6917
6838 6918
6838 7717
6839 6919
6840 6920
6841 6921
6843 6923
6844 6924
6845 6925
6846 6926
6847 6927
6848 6928
6849 6929
6850 6930
6851 6931
6852 6931
6853 6933
6854 6934
6855 6935
6856 6936
6856 7655
6857 6937
6858 6938
6859 6939
6860 6940
6861 6941
6862 6942
6863 6943
6865 6945
6866 6946
6867 6947
6868 6948
6869 6949
6870 6950
6871 6951
6872 6952
6873 6953
6874 7753
6876 6956
6877 6878
6878 6958
6880 6960
6881 6961
6882 6962
6882 7761
6883 6963
6884 6964
6885 6965
6887 6967
6888 6968
6890 6970
6892 6972
6893 6973
6894 6974
6895 6975
6896 6976
6897 6977
6898 6978
6900 6980
6902 6982
6903 6983
6904 6984
6904 7703
6905 6985
6906 6986
6907 6908
6907 6987
6909 6989
6910 6990
6911 6991
6912 6992
6913 6993
6914 6994
6915 6995
6916 6996
6917 6997
6918 6998
6919 6999
6921 7001
6922 7002
6923 7003
6924 7004
6925 7005
6926 7006
6927 7007
6928 7008
6929 7009
6930 7010
6932 7012
6933 7013
6934 7014
6935 7015
6936 7016
6937 7017
6938 7018
6939 7019
6941 7021
6942 7022
6942 7741
6943 7023
6944 7023
6944 7024
6945 7025
6946 7026
6947 7027
6949 7029
6950 7030
6951 6952
6951 7031
6952 7032
6953 7033
6954 7034
6954 7753
6955 7035
6956 7036
6957 7037
6958 7038
6959 7039
6960 7040
6960 7759
6961 7041
6963 7043
6964 7044
6965 7045
6966 7046
6967 7047
6968 7048
6969 6970
6969 7049
6970 7050
6971 7051
6973 7053
6974 7053
6974 7054
6975 7055
6976 7056
6977 7057
6978 7058
6979 7059
6981 7061
6982 7062
6983 7063
6984 7064
6985 6986
6985 7065
6986 7066
6987 7067
6988 7068
6988 7787
6989 7069
6990 7070
6991 7071
6992 7072
6992 7791
6993 7073
6994 7073
6996 7076
6997 7077
6998 7078
6999 7079
7000 7080
7001 7081
7002 7082
7003 7083
7005 7085
7006 7086
7007 7087
7008 7088
7009 7089
7010 7809
7011 7012
7011 7091
7012 7891
7013 7093
7014 7094
7015 7095
7016 7096
7017 7097
7018 7098
7019 7099
7020 7100
7021 7101
7022 7102
7023 7103
7024 7103
7024 7104
7027 7107
7028 7108
7029 7109
7030 7110
7031 7111
7033 7113
7034 7114
7034 7833
7035 7036
7035 7115
7036 7115
7036 7116
7037 7117
7038 7118
7038 7837
7040 7120
7041 7121
7043 7123
7044 7923
7045 7125
7046 7126
7047 7127
7048 7128
7049 7129
7050 7130
7051 7052
7052 7131
7052 7132
7052 7851
7054 7134
7055 7135
7057 7137
7058 7138
7059 7139
7060 7140
7061 7141
7063 7143
7064 7144
7065 7145
7066 7145
7066 7146
7066 7945
7067 7147
7068 7148
7069 7149
7070 7150
7071 7151
7072 7152
7073 7153
7074 7154
7075 7155
7077 7157
7078 7877
7079 7159
7080 7160
7081 7161
7082 7162
7083 7163
7084 7164
7085 7165
7087 7167
7089 7169
7091 7171
7092 7172
7093 7173
7094 7174
7095 7175
7097 7177
7098 7178
7099 7179
7100 7180
7101 7181
7102 7182
7103 7183
7104 7903
7105 7185
7106 7186
7107 7187
7108 7188
7109 7189
7110 7190
7111 7191
7112 7192
7112 7911
7113 7193
7114 7194
7115 7195
7117 7197
7118 7198
7118 7997
7119 7199
7120 7200
7124 7923
7135 7136
7136 7215
7144 7943
7160 7959
7166 7245
7166 7965
7168 7247
7172 7251
7178 7257
7179 7180
7184 7263
7194 7273
7196 7995
7200 7279
7201 7281
7201 7921
7202 7282
7202 7922
7203 7283
7203 7923
7203 7924
7204 7924
7205 7285
7205 7925
7206 7286
7206 7926
7207 7287
7207 7927
7208 7928
7209 7289
7209 7929
7210 7930
7211 7212
7211 7291
7211 7931
7212 7291
7212 7932
7213 7293
7214 7934
7215 7295
7215 7935
7216 7936
7217 7297
7217 7937
7218 7298
7218 7938
7219 7939
7220 7300
7220 7940
7221 7301
7221 7941
7222 7942
7223 7303
7223 7943
7224 7303
7224 7304
7224 7944
7225 7305
7225 7945
7226 7946
7227 7307
7227 7947
7228 7308
7228 7948
7229 7309
7229 7949
7230 7310
7230 7950
7231 7311
7231 7951
7232 7952
7233 7313
7233 7953
7234 7314
7234 7954
7235 7315
7235 7955
7236 7956
7237 7317
7237 7957
7238 7318
7238 7958
7239 7319
7239 7959
7240 7320
7240 7960
7241 7321
7241 7961
7242 7322
7242 7962
7243 7323
7243 7963
7244 7324
7244 7964
7245 7325
7245 7965
7246 7326
7246 7966
7247 7327
7247 7967
7248 7328
7248 7968
7249 7329
7249 7969
7250 7330
7250 7970
7251 7331
7251 7971
7252 7332
7252 7972
7253 7973
7254 7974
7255 7335
7255 7975
7256 7336
7256 7976
7257 7337
7257 7977
7258 7338
7258 7978
7259 7339
7259 7979
7260 7340
7260 7980
7261 7341
7261 7981
7262 7342
7262 7982
7263 7343
7263 7983
7264 7344
7265 7266
7265 7345
7265 7985
7266 7986
7267 7347
7267 7987
7268 7348
7268 7988
7269 7349
7269 7989
7270 7350
7270 7990
7271 7351
7271 7991
7272 7351
7272 7352
7272 7992
7273 7353
7273 7993
7274 7354
7275 7355
7275 7995
7276 7356
7276 7996
7277 7357
7278 7358
7278 7998
7279 7359
7279 7999
7280 7360
7280 8000
7281 7361
7282 7362
7283 7363
7284 7364
7285 7365
7286 7366
7287 7367
7288 7368
7289 7369
7290 7369
7290 7370
7291 7371
7292 7372
7294 7374
7295 7375
7296 7376
7297 7377
7298 7378
7299 7300
7299 7379
7300 7379
7301 7381
7305 7385
7306 7386
7307 7387
7308 7388
7309 7389
7310 7390
7311 7391
7312 7392
7313 7393
7315 7395
7316 7396
7317 7397
7318 7398
7319 7399
7320 7400
7321 7401
7322 7402
7323 7403
7324 7403
7324 7404
7325 7405
7326 7406
7327 7407
7328 7408
7329 7409
7330 7410
7331 7411
7332 7412
7333 7413
7334 7414
7335 7415
7336 7416
7337 7417
7338 7418
7339 7419
7340 7420
7341 7421
7342 7422
7344 7424
7345 7425
7346 7426
7347 7427
7348 7428
7349 7429
7350 7430
7351 7431
7352 7432
7353 7433
7354 7434
7355 7435
7356 7436
7357 7437
7359 7439
7360 7440
7361 7441
7362 7442
7363 7443
7364 7444
7365 7445
7366 7446
7367 7447
7368 7448
7370 7450
7371 7451
7372 7452
7373 7453
7374 7454
7375 7455
7376 7456
7377 7457
7378 7458
7379 7459
7380 7460
7381 7461
7382 7462
7383 7463
7384 7464
7385 7465
7386 7466
7387 7467
7388 7468
7389 7469
7391 7471
7393 7473
7394 7473
7395 7475
7396 7476
7397 7477
7398 7478
7399 7479
7400 7480
7401 7481
7402 7482
7403 7483
7405 7485
7406 7486
7407 7487
7408 7488
7409 7489
7410 7490
7411 7491
7413 7493
7414 7494
7415 7495
7416 7496
7417 7497
7418 7498
7420 7500
7421 7501
7422 7502
7423 7503
7424 7504
7425 7505
7427 7507
7428 7508
7429 7509
7430 7510
7431 7511
7432 7512
7433 7513
7434 7514
7435 7515
7436 7516
7437 7517
7438 7518
7439 7519
7440 7520
7441 7521
7442 7522
7444 7524
7445 7446
7445 7525
7447 7527
7448 7528
7449 7529
7450 7530
7451 7531
7454 7534
7455 7535
7456 7536
7457 7537
7458 7538
7459 7539
7460 7540
7461 7541
7462 7542
7463 7543
7464 7544
7465 7545
7466 7546
7467 7547
7468 7548
7469 7549
7470 7550
7471 7551
7472 7552
7473 7553
7474 7554
7476 7556
7477 7557
7478 7558
7479 7559
7481 7561
7482 7562
7483 7563
7484 7564
7485 7565
7486 7566
7488 7568
7489 7569
7490 7570
7492 7572
7493 7573
7494 7574
7495 7575
7496 7576
7497 7577
7498 7578
7499 7579
7500 7579
7500 7580
7501 7581
7502 7582
7503 7583
7504 7584
7505 7585
7506 7586
7507 7587
7508 7588
7509 7589
7511 7591
7512 7592
7513 7593
7515 7595
7517 7597
7518 7598
7519 7599
7520 7600
7521 7601
7522 7602
7524 7604
7525 7605
7526 7606
7527 7607
7528 7608
7529 7609
7531 7611
7532 7612
7533 7534
7534 7613
7534 7614
7535 7615
7536 7616
7537 7617
7538 7618
7539 7619
7540 7620
7541 7621
7542 7622
7543 7623
7544 7624
7545 7625
7546 7626
7547 7627
7548 7628
7549 7629
7551 7631
7552 7632
7553 7633
7554 7634
7555 7635
7556 7636
7557 7637
7559 7639
7560 7640
7561 7641
7562 7642
7563 7643
7564 7644
7565 7645
7566 7646
7567 7647
7568 7648
7569 7649
7570 7650
7571 7651
7572 7652
7573 7653
7574 7654
7575 7576
7575 7655
7576 7656
7577 7657
7578 7658
7579 7659
7580 7660
7581 7661
7582 7662
7583 7663
7584 7664
7585 7665
7586 7666
7587 7667
7589 7590
7589 7669
7590 7670
7591 7671
7592 7672
7593 7673
7594 7674
7595 7675
7596 7676
7597 7677
7598 7678
7599 7679
7600 7679
7600 7680
7601 7681
7602 7682
7603 7683
7605 7685
7606 7686
7607 7687
7609 7689
7610 7690
7611 7691
7612 7692
7615 7695
7616 7696
7618 7698
7619 7699
7622 7702
7623 7703
7624 7704
7627 7707
7628 7708
7629 7709
7631 7711
7632 7711
7633 7713
7634 7714
7635 7715
7636 7716
7638 7718
7639 7719
7641 7721
7642 7722
7643 7723
7644 7724
7645 7725
7647 7648
7647 7727
7648 7727
7649 7729
7650 7730
7651 7731
7652 7732
7653 7733
7654 7734
7655 7735
7656 7735
7656 7736
7657 7737
7658 7738
7659 7739
7660 7740
7661 7741
7662 7742
7663 7743
7664 7744
7665 7745
7666 7746
7667 7747
7668 7748
7669 7749
7670 7750
7671 7751
7672 7752
7673 7674
7674 7753
7674 7754
7676 7756
7677 7757
7678 7758
7679 7759
7680 7760
7681 7761
7682 7762
7683 7763
7684 7764
7685 7765
7686 7766
7688 7768
7689 7690
7689 7769
7690 7770
7693 7773
7695 7775
7696 7776
7697 7777
7698 7778
7699 7779
7700 7780
7701 7781
7702 7782
7703 7783
7704 7784
7705 7785
7706 7786
7707 7787
7708 7788
7709 7789
7710 7790
7711 7791
7712 7792
7713 7793
7714 7794
7715 7795
7716 7796
7717 7797
7718 7798
7719 7799
7720 7800
7721 7801
7723 7803
7725 7805
7726 7806
7727 7807
7728 7808
7729 7809
7730 7810
7731 7811
7732 7812
7733 7734
7733 7813
7735 7815
7736 7816
7737 7817
7739 7819
7740 7820
7741 7821
7743 7823
7744 7824
7745 7825
7747 7827
7749 7829
7751 7831
7752 7832
7753 7833
7755 7835
7756 7836
7757 7837
7759 7839
7760 7840
7761 7841
7762 7841
7762 7842
7763 7843
7764 7844
7765 7845
7766 7846
7767 7847
7768 7848
7769 7849
7770 7850
7771 7851
7772 7852
7773 7853
7774 7854
7775 7855
7776 7856
7777 7857
7778 7858
7779 7859
7780 7860
7781 7782
7781 7861
7783 7863
7784 7864
7785 7865
7786 7866
7787 7867
7788 7868
7789 7869
7790 7869
7791 7871
7793 7873
7795 7875
7796 7876
7797 7877
7798 7878
7799 7879
7800 7880
7801 7881
7802 7882
7803 7883
7804 7884
7805 7885
7806 7886
7807 7887
7808 7888
7809 7889
7810 7890
7811 7891
7812 7892
7813 7893
7815 7895
7816 7896
7817 7897
7818 7898
7819 7899
7820 7900
7821 7901
7822 7901
7822 7902
7823 7903
7824 7904
7825 7905
7826 7906
7827 7907
7828 7908
7829 7909
7830 7910
7831 7911
7832 7911
7832 7912
7834 7914
7835 7915
7836 7916
7837 7838
7837 7917
7838 7918
7839 7919
7840 7920
7841 7921
7842 7922
7843 7923
7844 7924
7845 7925
7846 7926
7847 7927
7849 7929
7850 7930
7851 7931
7852 7932
7853 7933
7854 7934
7855 7935
7856 7936
7857 7937
7858 7938
7859 7939
7860 7940
7861 7941
7862 7942
7863 7943
7865 7945
7866 7946
7867 7947
7868 7948
7869 7949
7871 7951
7872 7952
7873 7953
7874 7954
7875 7955
7876 7956
7877 7957
7878 7958
7879 7959
7880 7960
7881 7961
7882 7962
7883 7963
7884 7963
7884 7964
7885 7965
7886 7966
7887 7967
7888 7968
7889 7969
7890 7970
7891 7971
7892 7972
7893 7973
7894 7974
7895 7975
7896 7976
7897 7977
7899 7979
7900 7980
7902 7982
7903 7983
7905 7985
7906 7986
7907 7987
7908 7988
7909 7989
7910 7990
7911 7991
7912 7992
7913 7993
7914 7994
7915 7995
7916 7996
7917 7918
7918 7997
7918 7998
7919 7999
7920 8000
