0.00041935383309445087
0.00016298662278687977
0.0003921092910538569
9.247258460102031e-05
0.00044428426586560793
0.00023368799949770463
0.00019631791268015888
0.00027369335384212757
0.00019831472972479329
0.00025170257464883126
9.629740782288641e-05
0.00034117229458965144
0.00031458044305714876
0.0001737073586588285
0.0003092709603519355
0.00020441703908159693
0.00021702947842163595
0.00013341762070482056
0.00015166330610155772
0.00022990691886873725
0.00018759438530026564
0.0002699482925551301
0.00016473390847517367
0.00012787381408750818
0.0001417287650573321
0.00020812875585450206
0.00010241598760326078
0.00018241607518201767
0.00020626639100408575
0.00018448249624840467
0.00022371496195523505
0.00032092295106592395
0.00029977244772689876
0.00016270374689602893
0.00032249022991230706
0.00013437380403222884
0.00026131487201341483
0.00013633043650780117
0.000251076290711405
0.00018967228809939723
0.000141345557286412
0.00014604335499520266
0.00013134242002133217
0.00010894900013671275
0.00017768782794130156
0.00010471381255850967
0.0002356407242370808
0.00022882223368267542
0.0002943320013710426
0.00017062574137073608
0.0002144455727954464
0.000138754044717185
0.0001352033407531345
7.624189950191561e-05
0.00010485097067305581
0.00018225439977921743
0.0005159585387759545
0.00012746871908673443
8.598892919139136e-05
9.557350891192141e-05
9.784315187126486e-05
0.00012286848761263835
8.700910692457338e-05
0.00011112919314220092
0.00011063174993406967
8.449748887812806e-05
0.00010008396912389958
0.00016036678094738453
5.446331515104427e-05
0.00013373376258486955
0.00016165528135882512
5.859600350033569e-05
0.00018156032942614187
0.0002013789719016073
0.00015728616348917058
0.00012471014703547363
0.00017453183727143384
0.0002520493420479378
0.00018195757740235995
0.0001970198006792761
8.293575188021516e-05
0.0001477502607256422
0.00015919629010442414
0.00021354119091044404
0.00011881067115750683
9.290998300211324e-05
0.00019047622394135753
0.00014770660621408823
0.00016434522186476366
0.0003022404768151422
0.00021792565547755586
0.00018630820233599547
0.00012613335965738382
6.676008384928306e-05
0.0001598739251784285
9.364766453518444e-05
0.00010164546205858735
0.00020031817496743968
0.00019234646574502247
0.00030664709195344953
0.0002936605327239085
0.0006025965077279948
0.00030601722131134957
0.0003581504229152145
0.00028692984514097153
0.00039261197662788296
0.00016981740215760906
0.000334873029931162
0.0002191537464836503
0.002409752165039541
0.0002709719477664083
0.00029044975402400754
0.00044155319853547676
0.00022438633706824544
0.0002981133697680334
0.00030877645848049513
0.00028718848762743183
0.00036041723488988416
0.00026552701515316555
0.00023370013887072085
0.00014848476715416436
0.0003220183837792132
0.00023881014248565682
0.0002059645730920491
0.00016649781545026785
7.620627766362195e-05
0.0001879729241839881
0.00028118585056800127
0.00031520151121989414
0.00016415214466282388
0.0002495638556712199
0.00020731739313562268
0.0005717796305171461
0.0003570303354993532
0.0006669329444945166
0.00015252880797698038
8.315982473467593e-05
0.0002766419520692583
0.00021358068065427746
0.00018682624529586117
4.8670672379679264e-05
0.00012051479180968629
0.00014093237196317768
0.00016053361366456372
0.0002926949937683843
0.00019451163961713136
0.00022784841361436856
0.00017539446926886318
0.00011849799758051868
0.00010427823642074573
0.0001458218240299873
0.0001359897580720244
0.0009617244324991573
0.00021505893453080478
0.00024844267548936646
0.0008054524869087331
0.0008478077545081253
0.0001182706837151945
0.00022547908442213646
0.00019696317717645746
0.00024593211725366655
8.371164212731669e-05
0.0002718613149985494
0.0007876259585542051
0.00032737474307550164
0.0011609016999818706
0.0010451306532383478
0.0006360372211083476
0.0004732163820498429
0.0006268227744288629
0.0014010894796657528
0.0002031437125153386
0.00022021497478293128
0.0001304364087836578
0.00014554391203998857
0.00022416447225088199
0.00023333475244091467
0.00018540556602649402
0.00020697783841440345
0.000251496336499406
0.00022198320997103953
0.00031112260448464414
0.0001523742954398961
0.00018144376689291757
0.00024258920531556121
0.00022276117086441745
0.00017537279183362875
0.00011663654936367056
0.0001027285062835596
0.0002815257058279741
0.00019606814045109596
0.00015143660679304476
0.0003209272034018141
0.00037639156895262536
0.00012174234500522304
0.0003378728038313856
0.00028135688779531634
0.00017890946162553662
0.00015792878375674635
0.00022326795912676822
8.840576088757031e-05
0.0003236327974894093
0.0002536149071201534
0.0002451658265195512
0.000347673668808034
0.0002271503840194063
0.0002120545783151914
0.0001576661189827262
0.00013526588017276274
0.00014962822841596443
0.0001915927483525747
0.00017593403385971452
0.00014788760708781343
0.0001775097410533131
0.00027659018487209155
7.079838710592337e-05
0.00022610216705297987
0.00022323229198973916
0.00010101455527373836
0.00023524498297898473
0.00010290555613821002
0.0001601199377070531
0.00014176963758893833
0.00022684223600867237
0.0001632827291782348
0.0002395344347055346
0.00027499374540495517
0.00011747674933160849
0.00028138297660549704
0.0002517473586897601
0.00022683077231518475
0.00018559266910032622
0.0001846066738746713
0.00014145393091609935
0.00014441501989389573
0.0001826623009992853
0.00021336751692989806
0.000143590072941612
0.00011350854970178698
0.00026340520226288925
0.0002351823656197704
0.00015857812665333833
0.00010375257865697294
0.0002244276115977177
0.000243619164922183
0.00018683814706087359
0.00021442447396279236
0.00021420485507690694
0.0001375581809245197
0.00015316788490616002
0.0001673825203553921
6.977916452994755e-05
8.349226198346595e-05
0.00015544784795428455
0.00015935507308887934
0.000245206363953759
0.00020503857562574975
0.00016814563593017657
0.0001439874729375328
0.00016110868177209625
0.00020427193969561506
8.48688437809767e-05
0.0001392592376330395
0.00015838494661288621
6.281602761562535e-05
0.00011089293654721829
0.00013019558483346128
0.00012333101120414193
7.35304690597353e-05
0.00020504916233503412
0.00012445505828051346
0.00012872218125956807
0.0001173943048345672
0.0001573352231490458
0.00018700044645298267
0.00012106570952849783
8.389581657848954e-05
0.00015901065806596886
0.00015766445648805521
0.0002669924409603747
0.00035855755831217374
0.00015103951494486775
0.0003979028989199431
0.00021829043449736612
0.00035059479789149384
0.00026197838058448364
0.00028956838789683713
0.0001469948958769672
0.000172804364364329
8.606302877335934e-05
0.00013170649254095834
5.553661403189251e-05
0.0003044744427363294
0.003986885383137573
0.00039164289479328107
0.00029084973591821795
0.0001389922383159783
0.0001360344753700081
0.00031170368344547565
9.269738949671141e-05
0.001007340109310821
0.0001835829700162903
0.000133919205168779
0.00015899484607342863
6.529446564089157e-05
0.00018963259683375187
0.0012860613707399485
0.00022100214797643076
0.00030099370452856634
0.0001114882475132041
0.000274752694755933
0.00031447516738120947
0.0001791706567733132
0.00025687547236008225
0.00011424453753376208
0.0006634553695609323
0.00033762936850168114
0.001290504076681905
0.00017542378515428855
0.0001316516024877889
0.0002985919026714229
0.0003113619900158421
0.00019033456553569858
0.0008022742870030524
0.00022024661017093936
0.00022554735932310007
0.000144429609698346
8.027308722598796e-05
0.00014925220103146215
0.00012162198581285043
0.0001494184702718254
0.00024275343525104222
5.125177940759476e-05
0.00011909626451995675
0.0002476478756091881
7.90979025809193e-05
8.472775995653886e-05
0.00010660552437307071
0.0006116057091292064
0.0004260069701452007
0.00016683325405067158
0.000149214924369588
0.00010713734844724892
0.0002961625226478272
0.0003640906845209284
0.0007987294436143907
0.0007345626612614636
0.00010647962518612628
0.00017301893974747907
0.0005835247577091556
0.0002993999691549254
0.0001897183017433156
0.00016583612515017038
0.0001878429544465913
0.00020221783473285438
0.0002006266658980515
9.513771178901446e-05
0.00017935470610593875
0.00013154414420499317
0.00013185368487768237
0.00014655586311875248
0.000353775821807418
0.00018684130709293204
0.00018496269057716202
0.00020124388563717559
0.00015468260514083735
0.0005598448377925635
0.00016407160878679472
0.00015645310793587413
0.00023434912893641917
0.00022695850362450314
0.0002836615812363831
0.00038234775057190205
0.00020696994161296147
0.0001644641468679697
0.0001357265540133438
0.00019353975461290106
0.0001745961510827362
0.0002493932537012988
0.0002497609969518376
0.0003265760655452853
0.00024005219706017258
0.007135988804616381
0.00041842393723779694
0.0003339145744514324
0.00020919120887370353
0.0002774114280582764
0.00014120463543625494
0.00015387733964203622
0.00012398619068808235
9.655694439991522e-05
0.00022474606723303685
0.00020276271096111276
0.0007037898895273421
0.0001872113702677959
0.0001021246529797166
0.00029520426325655336
0.00017437330665000622
0.00012720506055467109
0.0002731509090473167
0.00019393691473814465
0.0002831757795600668
6.132716685641286e-05
0.00015086754851422604
0.00013571062445912386
0.00021579542226243472
0.00017788210545106753
0.00018850062463300838
0.00022935163784820116
0.00022703560327079012
0.00021672212571252506
0.00018991043225591618
0.00018426908858455818
0.0001693302037571013
0.00024957223430205713
0.00023388279209147616
0.00021531916064013943
0.0002221396147062889
0.0002144753495697177
0.00029352639208860134
0.000227837189276346
0.00021278717706569878
0.00013018104782832658
0.0001209867130739541
0.0002984535675184023
0.00025191832640653083
0.00031000402320623
0.0003265847043901837
0.0003506878403428842
0.0002575003710381254
0.00021879739543160013
0.00021687084713676766
0.0002105955204446082
0.00016696647163247854
0.00010634829951258007
0.000183087984740828
0.00011374796702584753
0.00020362826551859674
0.000170882914312835
0.0001354765140882752
7.242727908601622e-05
0.00020600891880168207
0.00024668044298860434
0.00019449915848110627
0.00010753585532007097
0.00012543939102451952
0.00022426999045669073
0.00022734540624234727
0.0002205338407500137
0.0001465922503767899
0.0003034165739258083
0.00017525344894609308
0.00037504605485275615
0.00023050287806748338
0.0006440674680366079
0.00026772274888890263
0.00013816884206951355
0.000173517433119221
0.0002072585131675454
0.00021114568669389016
0.000858032668480291
0.00037529056522691976
0.0006609454114112256
0.0003447946086765485
0.001925450821806308
0.0003944426349136788
0.00014088307683846453
9.609250413610294e-05
0.00020731103053839878
0.00023788850472388273
7.354607734584695e-05
0.00022262012096059943
0.0004748734218184907
0.00026608788032713435
0.00016340019787291091
0.00016961126318480244
7.165586809733772e-05
0.0002669502899024151
0.00019291141525545154
0.00045160380732631953
0.0002128730098637708
0.00032116332121039093
0.000307270671697822
0.00026081541089986726
0.00023321268994454695
0.00023877543084250711
0.00020924423250518728
0.0001985666467756897
0.0002972043945768028
0.0002851944137408034
0.00018763405982575383
0.0005411046154130757
0.00015764428498420732
0.0005608793718243155
9.193526752054611e-05
0.00040257534511671056
0.000159839787388559
0.000272663062751581
0.0003318206398883092
0.000263133447468331
0.00020203402272505957
0.00020950424664561857
0.0002171633402972742
0.00012243646918265873
0.0001374420484834277
0.000642333853350606
5.465243337401001e-05
0.0001592800450125657
0.00010354428418805344
0.00019713988948574562
0.0007447819167022733
0.00020624713896369426
0.00029338815507313457
0.0003644982639638838
0.0004050552506938534
0.0004607522105890077
0.00047462129318714627
0.0003376118210403664
0.0002169464305075954
0.00040084936108815926
0.00037659722012086674
0.00025728077630876155
0.0005815086622658347
0.00010698102976530742
0.00022250988244188513
0.0002107399816671486
9.661349243768681e-05
0.0002426585295901389
0.00018652521797750326
0.00011291179852979454
7.813411284062106e-05
0.00021793024714316707
0.00018778652221035656
4.991887725152141e-05
0.00024230643505610314
0.00014791223062937572
0.00013479754994152096
0.0002101670247239358
0.00013537626689178416
7.514423591903902e-05
0.00012454205568871596
0.0001268075913038227
0.0001640821695849703
0.0002512374471837589
0.0007175488478986629
0.00018529014532089105
0.0002104013853761864
8.413699679180933e-05
0.0001503055541085338
0.0001689504313221366
0.00012952573142638066
0.00017750164518387496
0.000157396115620792
0.00015079403124737857
0.0002201367608816923
0.0001283976453950906
0.0001794089399347025
0.00014482141565802102
0.0003123046167140529
0.00013546059595865976
0.00021496557608122234
0.00020775740022195785
0.0002527509669197219
0.00011551985396927083
0.00027042088217992227
0.000186250695888054
0.00018538645983652157
0.00023544651999375706
0.00031171596800518193
0.0002466736160999681
0.005636793004880446
0.00020185361172387896
0.00029439226983868594
0.0002178015656774604
0.00020543622186706677
0.0002208252261949386
0.00023108860498036768
0.0002620649568490481
0.0002493861334226734
0.0003964757210172783
0.00023518107572643497
0.00022566689013480448
0.00025928219985912524
0.0002453580587748292
4.648017320264234e-05
0.0007605571067576985
6.438214124529158e-05
0.0004454918990879682
0.00017642986267890035
9.415587144154323e-05
0.00015276244382929414
0.0002950404494607397
0.00016165874258049017
0.00018052700312466902
0.00015048736217194915
0.0004410844546523964
0.00017809596460779806
9.568444545940018e-05
0.00015212325383018131
7.329523954891992e-05
0.00010955378502009695
0.00014006488250992808
5.216818471545676e-05
0.00020817816352330218
0.00010273584268405475
0.00011692046586277144
0.00020972003638161047
0.0001573320267554694
0.00017666639601153112
0.00015913262763915482
0.00022749052304706107
0.00014779908809844363
0.00016198649097602774
0.00025109255238904397
0.00023438984019847562
0.00019114350054306566
0.00020859674285201985
0.0003252910627363142
0.010294661755822178
0.00022692754884692286
0.012772877838979858
6.507200355796557e-05
0.00024194938563876117
0.0001547990274872342
0.00021688414338638545
0.00016288613162505572
0.00019945611312474686
0.00015056053016179608
0.00023176826675166737
4.822309443839595e-05
0.00020671542736118987
0.0002898176488691105
0.00015056649417453856
0.00015317873323723166
0.00016999514871429298
0.00029391383212525724
0.00017500388922886775
0.0002214093573223138
0.00013644369757518217
0.00027377944482466103
0.00040116188087151194
0.00024771714144125156
0.0011437538907124545
0.0006289294252804969
0.00032341404446177286
0.0004534880917628415
0.0003668445556898133
0.00020629776390804598
0.00046129930018736236
0.000391323008961536
0.0008984611948233287
0.0002675881993085592
0.00026580764785605977
0.00011147000270092208
0.0010174680301621424
0.0001075784646970806
0.00019747954688663274
0.00018913143458117513
7.583846582136966e-05
0.00015764511155036976
8.11325119056556e-05
0.0001324915283329116
0.00015013551342985817
9.041328030278725e-05
0.0003826461025249889
0.00012575985268351413
0.0001998457810945779
9.842337306999013e-05
0.00018312447176661612
0.00015701431148434605
0.00015388191917091665
0.00012954886818882603
0.00018450944089720922
0.00012048014036445523
6.461529591821485e-05
0.00015024873649988998
0.0006970249437538851
0.0001280225512586146
0.0002456709430411155
0.00028412394037173285
0.00017742064187783557
0.00027601705208625717
0.0008727507363494665
0.00030109996330845426
0.0007625223077500575
0.0015031777188502877
0.00041157921104129763
0.00027560042051266183
0.0002479418052650438
0.00041543699709094674
0.0005795074345767201
0.0004575982890206224
0.00265900745134119
0.00012352461988001566
0.00017493237944069456
0.00010113159382492976
8.43992726477358e-05
0.0001646761659018679
0.00011417958394956888
0.00021266439757743495
0.00010316048648160117
7.010096437726185e-05
0.00011519287860589217
0.0001524546715758972
0.00010260368634075561
0.00012592541437801526
8.129328115391767e-05
7.46681767255854e-05
0.0001081070256511029
0.00011649456906300914
3.834715408216201e-05
0.000192514018052724
0.00015261373202308094
0.00026756308366640243
0.00015325223292840154
0.00021058431651698722
0.0001843827394621012
0.0003518843484935008
0.00028102728735677915
0.00015034136787412826
0.00011391159881227029
0.00017018600933118192
0.00015967402256399473
0.0011272869439417634
0.0001710859574624634
0.00019966627450122314
0.00014913102088747146
8.100233503333705e-05
0.0001501155064352905
0.00014890813967131006
0.00022840395030941071
0.0001026883291381361
0.00017729632955451965
0.00023723525420221757
0.00017923352013021982
0.00022602237752676184
0.0002133959092654713
0.00017461202701184365
0.00015349067514452524
0.00026547538949461927
0.00018035166515892936
0.00025772507302057867
0.0001969575408557755
0.00029521762525451837
0.00016015318864844887
0.0002948808935601351
0.0001232012565231629
0.00024515273377977636
9.380298744513643e-05
0.0001264515550639894
0.00026690098607935915
0.00019279431924130265
0.00014816706324338052
0.000155161570731656
0.00012676965645428182
3.295188062288782e-05
0.00024299887537375807
0.00020153405536847628
0.00018168825321982364
0.00024968635059647264
0.00015495210820190726
0.00027343484467928634
0.0001928545274581812
0.00029291490884150435
0.0001659692906736409
0.00017018378952767568
0.0002270167792156761
0.0002641070770247876
0.0002274047333468984
0.00019512696920136153
0.00017826841215942446
0.00019840663814317135
0.0002567335640308422
9.278816782308425e-05
0.00014990497801229427
0.00015959570867875696
0.0002214160165871783
0.0001297308474290259
0.0002482774322780722
0.0001491793949303899
0.00017687068442664647
8.748729126509045e-05
0.00012116685253925993
0.00020142280791997336
0.00021284304215041355
0.0001941057491715356
0.0001260192606730935
0.0001256684860262731
0.00010767228554733641
0.00019199887548956363
0.00020014107137208655
7.807773581451166e-05
0.00020333177506524035
0.00010503113982742358
0.00019686141706152057
6.162996661473684e-05
0.0001257872571594225
0.00017433237925502015
0.00018936522330215667
0.00017862405937239437
5.610768346625997e-05
0.00028738032226357894
0.0003164590084973556
0.000455740626933279
0.00026734667746364346
0.0002595309665332732
0.00034201700118330564
0.00038824975678321846
0.0003489759637951503
0.00047177779936834733
0.0001293739945338331
0.00019363420711090455
0.00014554082339458867
0.0001859199895803019
0.0001936142496623131
0.00016484819368232605
0.00011125825738865711
0.0001287832233545922
9.546731135730867e-05
0.00012689055259196042
0.0001078770188584307
0.000150382338335774
0.00023112602164777448
0.00022193923192731269
0.0003602216215753151
0.00032380022108503825
0.00013565653120977824
0.00018242908032587294
0.00017124799180165734
0.00023295668532645307
0.00012677128906645732
0.000103579039682722
0.00016472363608260033
0.00011748779516106574
0.0001507043551177142
0.00019850376730741367
7.976771914984168e-05
0.0002855030121184573
0.0004838268974364919
0.0002080770275041653
0.00021231207135867392
0.0002531768404756616
0.00033019423762582496
0.00025616393084632695
0.0002600977442097247
0.00013364977166688868
0.0002259132261321285
0.00014797977137174007
0.00019077865486312714
8.845723068335825e-05
0.0002778325402618796
0.00010058959883869546
0.0004325177248260364
0.00026317034423052355
4.557062747125503e-05
0.0002436927692878801
0.00022677293349631484
0.0002920280020871581
0.00014575561432361462
0.00028054876271563624
0.0001811777356157782
0.00025103655980724846
0.0002480890136128062
0.00013181183570745884
0.00014214354751099106
0.0004525579204421691
0.00026831362672635495
0.00021889015759102791
0.00013793862867118785
0.00021021159790676278
0.00042739289404112967
0.00019899556158817694
0.0001651313990135539
0.00020232111738965582
0.00014989483620093396
0.00039276590690856517
0.00011112131854598497
0.00011526004501476866
0.0002558993020282615
8.998685514410127e-05
0.00012060403034602059
0.00015487096726901652
0.00017529436052741353
0.00015311479534187888
0.00024314009917627763
0.00027026754439304673
0.00022704783918660703
0.0002837564162023832
0.0002537454160283675
0.00024682262743823256
0.00014233127709935425
0.00015422115756899947
0.00023411501226555445
0.00013991045793704964
0.0002982608655885648
0.00018788936299466008
0.00019458226133240827
0.00015925858684935303
0.0002495696655295143
0.00018222065395768453
0.00022310591028366572
0.0001801918217833476
0.00017450204328456768
0.00021322637311560523
0.00027748025482861213
0.00012743504854943185
0.00036632568504605946
0.0002867740294676138
0.00020809976736459263
7.816469264951384e-05
0.0002569239563604405
0.0001419411364796438
0.0002067074619949432
0.00019915318937799748
0.00011596299605463078
0.0002454001327815015
0.0001216133812418802
9.199968305564267e-05
0.00014383327393608766
0.0002186351943318098
0.0003498977026281859
0.00018575139402199673
0.0002536179961247998
0.0002798966087052468
0.00022495163853826513
0.00015868534407492279
0.00014705014966070692
0.0001483539498197404
0.00012590882724267493
0.00021860180726672736
0.00018677053438989166
0.0002457455889599146
0.00019113658732611776
0.00014651930235481665
0.00016071365055612909
9.394538856369314e-05
0.00026873488068432616
0.00016440752475304043
0.00018219509344222196
0.00020266937982252656
0.00032671774271573643
0.0002197162379776209
0.00022019367874704453
0.00019147820952341012
0.00028129213313407407
0.00032504234745954036
0.0001576340407625517
0.00020942986472981097
0.00022656489400981188
0.00015559326211193498
0.00033268142392107986
0.0001961841933934166
0.00013644961569229388
0.00027483435414080214
0.0054930242322912435
6.863203015329624e-05
0.00017649555630115638
6.664557160896652e-05
0.0001190451791693774
4.892157473486131e-05
0.00010974220041397851
0.00012811100369617198
0.00019106244560146085
0.0002459012419817686
0.00012168229913579885
0.00012688972937911576
0.000103955013908804
0.0001957486776576708
0.0002613995832910298
0.00011331011743531935
0.000127158650133151
0.00010371158373522481
0.00015285427606331732
0.005429563150375075
0.0004413086039956256
0.00018889097917954413
0.00015774940315783676
0.0002787013320621512
8.889206823846913e-05
0.0001876045348625827
7.537943068482579e-05
0.00016872725427111753
0.00013316287808965354
0.00013017630827849463
0.00023651446685619471
0.0009866844013338794
0.00019814552090567306
0.00026414913476909544
0.00026518847252564895
9.956257788376518e-05
0.0002873228119830857
0.0001753221922453133
0.0002009369120355919
0.0002169116486500557
0.00015511756798507352
0.0002610499171520891
0.0002171584479703601
0.0001963766347601918
9.883219648157909e-05
7.093953246062924e-05
0.00015113080088718247
0.0003327951845353349
0.00010919880058479887
0.00018192064969215554
0.0027132300344526105
0.00013984536966119018
0.00011798143355735509
6.81998563967811e-05
0.0002775066695931878
0.0002687287421455008
0.00018991698461949533
0.00031900972018682053
0.00025275963416915195
0.0002602546956440065
0.00021808390273605482
0.000543159274787797
0.00038127242996857273
0.0004556058719785451
0.00017539641801683008
0.0002647020207505345
0.0002801231622926743
0.00027916851199045713
0.0003544834953919183
0.00036803187784342686
0.0003001062223614258
0.0003783159071564287
0.0003298423438992214
0.00030283149359668744
0.0002508655005610249
0.0006785106111322302
0.0010376759213955788
0.00025923685250146914
0.0012580535430969314
0.00038004608712102213
0.0002432465701198698
0.0006100082759511766
0.00036293909581735064
0.00048315902725015524
0.0002712417457949415
0.0024402883962205283
0.00031350450685469855
0.0005599275579112927
0.00017851504781778033
0.00043318352630515946
0.0010389312078775469
0.00035869390022797446
0.00029641835345277183
0.000321643068074838
0.00032972722177475767
0.0007675915029953863
0.0002219706252878924
0.00033040474277472597
0.00022647871066544656
0.00030264417105892817
0.0002487007970230544
0.0002334014354810459
0.001647706564378315
0.0006746057452024809
0.0001869348076325668
0.000281924796417825
8.60280654728581e-05
0.0001824344223388884
0.0010222794304030993
0.0002727681186927186
0.0020285370627393406
0.0005763487849413363
0.0001957977077832456
0.001134125831690731
0.00028129941142130256
0.00068849307988672
0.00014815421703977938
0.00028877616232861645
0.00018327256295698341
0.00022155624920669784
0.0001975931502598262
0.00022584778540190909
0.00035216290205010886
0.0002239447567452067
0.0002582744431232417
0.00017947012216234246
0.0001771866381984425
0.0001730297464773782
0.00014460471656734458
0.0002365921489967994
0.00012576185761789803
8.408901803794443e-05
0.00012070845299991004
0.0001689864728522613
0.0002357184708100644
0.00021806497773346206
0.00022577439843674788
0.00017547177560016202
0.00022157415304655394
0.00026736610313579255
0.00018457216012081123
0.0002833270466703468
0.0003377214258081517
0.00016698811807910207
0.0001675199862088979
0.000205849231498715
0.0002229403809586725
0.00019695619425907397
0.00015006591909710738
0.00024366514202153657
0.00015313933681315205
0.00012887418010593693
9.739942227843595e-05
0.00022903779256663217
0.00021525756198736276
0.00013790813505265472
0.0002345437204224765
0.00014702888929957032
0.00013516837469400243
0.00012706392815018996
0.00027413613396570546
9.826831562732502e-05
0.00027078195491354694
9.222210611214262e-05
6.301224025710737e-05
0.00018865522642046108
0.00017077431928352025
0.00011142954614872057
0.00020945227295422804
0.00015932347520340948
0.00013485084205095836
0.00018824920735014894
0.00020293410867454638
0.00017547421796219848
0.00010611212817488506
0.00020835247719946882
0.0002568216575125804
0.00022745579480120542
0.00024811291257479854
0.00011524195441480033
0.0003155174535880114
0.0002991673890371405
0.00015893237101558477
0.00030485340488282985
0.0003226278407368436
0.00015431232714433526
0.00023189098064613776
0.0002815866338795215
0.0002263045270280667
0.0004505047396405632
0.0002176229845002785
0.00019072515519663515
0.00017173957496908817
0.00015266011098768095
0.00026958633596505655
0.0001994770449720941
0.00014725660329872352
0.00011912918080734905
0.00022653194403847248
0.00014720103116128098
0.00014607187012763087
0.00022580954906069545
0.00013898338559798114
0.00013447379569310014
0.00012368639307265802
0.00012800131573567354
9.815222689748205e-05
0.00027180924010379896
0.006714833203517795
0.00017238917614761758
0.00024206527603691207
0.0001940434813702144
0.0002907424216020061
0.0002476137313985488
0.0026380195514446986
0.00012684707973668882
0.00015867016954865788
0.00023777037769754823
0.00013501611670157357
0.00027433685064657436
0.0002565166203769094
0.00015704149400744906
0.00018221997446946965
0.00015329499081866453
0.0002168168846020506
0.00030801736626622715
0.0002752105638937241
0.00039661028975893086
0.00029412218803705366
0.0003097313432041018
0.00011542639612500656
0.0002138554283839019
0.00032235448501600247
0.00022395850154505133
0.00020902998434124467
9.191953082918756e-05
0.00030414192442233915
0.00020838223829027847
0.0001849866086943861
8.418692251916636e-05
0.00036306298832995205
0.0002553817422793655
8.121655893793142e-05
0.00021229121721048037
0.00017902848906862194
0.0002467982265817752
0.00015776583006770801
0.00017952399193966052
0.0008909946145871114
0.0001248408300927376
0.00019727081520721043
0.0009844974751669151
0.0012648652989628896
0.00019843038256225516
0.0012969791117749215
0.0003011635010547823
0.0004187214785557181
0.00021127779055634758
0.00018645137657548157
0.0005142482647274142
0.0003331004553207879
0.0011122528109696443
0.0004919862646756157
0.00023746058308454215
0.0001632637162991754
0.000261759940389194
0.0002593909904868226
0.00023533007324877262
0.000247805198990136
0.00016695063340534607
0.0003072595540449914
0.00036535827645376774
0.00034167453253693
0.00028873421254982547
0.0002603531777686987
0.00030920990582143735
0.0003055710213787419
0.000288724661406405
0.00024396763605421732
0.00025054240698450797
0.0003743878021077176
0.0004392534917041298
0.00025298589262846404
0.00042639248036903095
0.0004101512028651274
0.0003474480554660603
0.00020505394433911815
0.0005580901892587725
0.0004978380066130859
0.000331371766320807
0.00034266543707976884
0.0005513498183635548
0.0001386235273422978
0.00047103271116859355
0.00041144014004910437
0.0005359039921664232
0.00011243992198791966
0.00032132084099225695
0.00019173806299859408
0.00017283128917076494
0.0001627099918982376
0.0001809323275154556
0.00023506092395161226
0.0002728841885450799
0.00021152751496526535
0.00035490868790144866
0.00013932010200153467
0.00021609809284779203
0.00018043561660245784
6.262159109452619e-05
7.652144217707998e-05
0.0002543058975282844
0.00011627668508625267
0.00021759760081337953
0.0002088706941252868
0.00017819870948937783
0.00018116927370344442
0.00018964589644892153
0.00015043862369261933
0.0002543567280811326
0.00025686155924623764
0.00014425296473324198
0.0002545049358489379
0.0001301845906752069
0.000280227667492127
0.00022599807036415955
0.00014123657145884776
0.0003854681371113109
0.0002743725337792656
0.00023276662789196707
0.00024590675702773667
0.00026227614979400287
0.0001089862753285709
0.00018229892740947583
0.00024946067058231
0.00017652600081951873
0.00025605692745678195
0.00014400434238847707
0.0002516526626580568
0.00016687494806192732
0.00022523112917566067
7.546171508708547e-05
0.00021621426501903965
0.00023790935331157158
0.00034357451084113255
0.00022868800328934834
0.00018001730016079374
0.00010996694611258951
0.0002499711221774477
0.0001841207241649964
8.451553924905262e-05
0.00017474766457234854
0.00017807723595448467
0.00020408652337294402
0.0002525277386094304
7.282496553583307e-05
0.00016665559893237514
9.393811559662478e-05
0.00016661961334543196
0.0001576094622080117
0.00016217744344083286
0.0001878583872167308
0.00023164483509439254
0.0002489354580595143
0.00016575938044806657
0.00029828814566184984
0.00016864251714333517
0.0001603666267281671
0.00013500530702368775
0.0002969919780978943
0.011531289964146037
0.00021545612895016735
0.00021636049715307356
0.00021724733814706872
0.0002868489317392852
0.007622116681267922
0.0002879083590466287
9.01263866117601e-05
0.00018290351626704205
0.00021943648877826807
0.00011162265491721349
0.002202104685846844
0.0002273693697734759
0.0001385936468816102
0.00020490953377659915
0.00013609140941286767
6.97128247136126e-05
0.0002194148447918574
0.0004280704237516583
9.16141610792719e-05
0.00024832049957035054
0.00016462119482881743
0.00029034571128683787
0.00030244221982529495
0.00014952580162051095
0.00017570365008514886
0.00020426581275386247
0.0003997945350787784
0.0001567395941067959
0.00017993513990891132
0.0002050204555804965
0.0001675404317803895
0.00020324950611909755
0.00029515606899084193
0.00019949621626488855
0.0007999544575938058
0.00026742564407762815
0.00018692411577327103
0.00024110156875717148
0.0006375984413071046
0.0003278656086116329
0.00014737076796967114
0.0003236381815700127
0.00023556401080458375
0.00021078614054944307
0.0002113894138486394
0.0002504450590973242
0.00033698812556443275
0.0002153198370364454
0.00023061738861322246
0.0002630818780279703
8.643226742965665e-05
0.00018770236464633544
0.0003949146262257696
0.0003723257205235608
0.00036616248926505583
0.00022519339735610497
0.0004310993231180271
0.0001437342496377855
0.00021542837022111146
0.0002555330478788286
0.0002577484935516871
0.00024032002348973598
7.308329103987755e-05
0.00015130522029525083
0.0002238160065980829
0.00011889301197504689
2.264969128081465e-05
0.00018828118240693235
7.718520314747341e-05
0.00010429914760619723
0.00020078526271567995
0.0007545534310846664
9.279416243717998e-05
0.00021301147875940878
0.0002291294125890731
0.0004878428605607253
0.00022279879119621978
0.00017111625127087213
0.00014791601444528465
0.00013448100845226335
0.00016345113228982718
0.0001723632757760779
0.00035212411988473733
0.00033479536443136137
0.0003439768916708544
0.0005088912257111039
0.000365974984618342
0.000208730909030727
0.00021712694975650027
0.0003415262869114355
0.0004910921158213101
0.00029000592006264735
0.0008125103699560824
0.00022095075253364605
0.00028008517290353314
0.00021546130565466227
0.00045561575593902674
0.00013986831916830886
0.00012497066510657858
0.0001573527146554652
0.00014439698498689804
0.00021242195079507276
0.00010742497977489505
0.00015917995146908837
4.6128960353390334e-05
7.316529035530543e-05
0.00020068445936714766
0.0006687392687466246
0.00016851994756961715
0.00021931400022611323
0.00023727756659234982
0.00021545741332532853
0.00019949302110129304
0.0002197757555310863
0.0001111297429867611
0.00027414976610432414
0.00025585305317810954
0.00015940290376907382
0.0001931580922739461
0.00022183764455759183
0.00016457858195543875
0.00016938217477995514
0.003559255328153931
9.037194387363843e-05
0.00017619080184511668
0.00019604315437115002
0.0001683906010132622
0.00023274802398107208
0.00027890811984076667
0.0002136767920595302
0.0006507174510041067
0.00017920073539844282
0.00021162953890401466
0.00018754854744210147
0.00033070283898524726
0.00015218685696124845
0.0002009627536736559
0.00012355446819895617
0.00026658823221996765
0.00013686821302479827
0.00028855069139904765
0.00015106089580367956
0.00028633182601555323
0.00032475617394198114
0.00031817153769003184
0.00023793290208553715
0.00026787707199667416
0.00028235509628935884
0.00025383335804169126
0.00011508564759846408
0.0003028403306814408
0.000572895187554639
0.00018353052318510044
0.0007737804620407593
0.00024060854757110696
0.0001590795662549358
0.00017858810124300904
0.000208931021416326
0.0002261601111464479
0.00014176669994585902
0.0001526652092529359
0.00011511053864695147
0.00012740179759601004
0.00022784394885595123
0.0002003227183625046
0.00011079996651602887
4.403453358267039e-05
0.00019226102620678714
7.642154961471808e-05
0.0002695533384999219
0.00037289055293166277
0.0002770953754552298
0.00019899219916070978
0.00022230228628230278
0.00020586240720716782
0.00023815343083349492
0.00021348283052943583
7.204308890148783e-05
0.00022853682419477175
0.00014227206663914744
0.00020055435544278792
0.0002590393533777054
0.00016812557707091726
0.00016759675426166718
0.00015285226177499437
0.0001749245807807522
0.00010594998236475451
0.0003371593045748436
0.000419235656951434
0.00020662830509638868
0.000266981664434992
0.00033786191651133054
0.0006116735153863827
0.0002536719072568932
0.0002452697161051625
0.003898135538476861
0.00022417808479279497
0.0002813330776774204
0.00022857742388364573
0.0005566862532812897
0.00019396450029463908
0.00018009064282417515
0.00021946625924590667
0.00016336169991709788
8.218878432135823e-05
0.00018043223527135896
0.00011847943261006182
0.00024539279611285255
0.00019877475752365272
0.0007954261103254075
0.00018520851031951643
0.00018898316686456908
0.00015567664596745736
0.00010688669161106294
0.0002693982180218208
0.0004381135130282048
0.0006202311914459571
0.0009231025663373945
0.000876237907955105
0.00030302877366570463
0.0006284538814472755
0.00028796937896539217
0.00011406048865275159
0.00022111628540589847
0.0005558378827856914
0.00019384067433974556
0.00021939946879493007
0.0008367570419234598
0.0008909468284994031
0.00016925409996904257
0.0001812754934625936
0.00045708056953157366
0.000201817448740771
0.00022452723718118986
0.00016852642876908068
0.00023922568853919208
0.00010533933145243637
0.00019134965043728113
0.0003240860620770768
0.00014195309611207677
4.808277357183413e-05
7.136422277389463e-05
0.00014625722020626233
8.56719087120072e-05
0.00016688431428416457
0.00013602823035335104
9.68482360237518e-05
0.00013342053439760088
3.1864522790365243e-05
4.998459326458614e-05
0.0006229717371737434
0.00018048132063924285
0.0006501650085504909
0.0007874737021249703
0.00030229060360113986
0.000624243833278554
0.0007590651476863279
0.00023333099860442218
0.00021418945437977487
0.00032276205733459924
0.00042644911437820344
0.0007600680781837815
0.00034140237395946364
0.00023818335602364591
0.0003576278168289747
0.00013265948409835537
0.00016344459471570328
0.00011678289037301269
0.00012371204146516311
0.0004423488983310181
0.00027169047332079943
6.405290149530304e-05
0.000319912706385709
7.016084971738869e-05
0.0002178216236972089
6.59824607768279e-05
0.00013424684490459038
4.157137105550166e-05
0.00016380012851842653
0.00015880581844996832
0.00020381113414002816
6.827904277281844e-05
3.9651286373832434e-05
0.00013533529601174657
5.528455204408918e-05
0.00013420020727820383
0.00017178620472254125
0.0002903570754141627
0.00011932004007483926
0.00016936770771274327
0.004698462004711776
0.00017198909656444
0.00022506749030746647
0.0002640809555496877
0.00013547054724240696
0.00029061835255729724
9.192487861026889e-05
0.0001559979826052608
0.0002607571648101764
6.80936753272387e-05
0.00015712679468352396
0.00015726361973443252
0.00020760582071182324
0.00025623968290005347
0.00011258540043642896
0.00015025493175928496
0.0001898018400877634
0.0002123793851435537
0.00018280217281106174
0.0001576164705158396
0.0001802183675449372
0.00018694825545106632
0.00015952702123841014
0.0002894456169010419
0.0001348722032026448
0.00010344661074459692
0.0001407495718381171
0.00013587149513847032
0.00020182868599294767
0.00021593414201662178
0.00015194865120645774
0.0001115621300788112
0.0002212761544659692
0.00023585251917344682
0.0002682724688490655
0.00015816054900738566
0.0002627229062995477
0.0002642717266575817
0.00022766448407574095
0.00019356295346592756
0.000147402060411023
0.00018328396330114668
0.0003025809820705759
0.00025663889983781554
0.0001228084983251845
0.00021303387908627104
0.00021926173848469202
0.00023207368969809525
0.0002508306181145996
0.00046950097562366777
0.0002765456078542154
0.0001275218278386718
0.00016995477250589258
0.00015716234037151163
0.00029881373655396
0.00012914296271763972
0.00017697524108724306
0.00015729025802916187
9.458974268999453e-05
0.00011969414148881492
0.0001953212353642392
0.008314005308870977
0.00018699377043843678
0.00021399831113668076
0.00013310298683665285
0.000161248255004098
7.349798824282754e-05
0.00017906401760293372
0.0001754804109364008
0.00017070259508424488
0.00018892092141059905
0.00017292303272421276
0.00016022277770603064
0.0001848070246859793
0.00017365739095336587
0.00011441914670937948
0.00010174918458234277
0.00017237640985935212
0.0002666453999811617
0.0002698614658410988
0.00023021558629392064
0.00023035490437213913
0.00011962826142440556
0.00016043065990663835
0.00018104437978047622
8.939045320529305e-05
0.0003081279854765089
0.0002718751803518345
0.0002726036796768716
0.0002794112574785979
0.0001853940406199975
0.00015284650438448374
0.0001903532654997107
0.0002547952918585075
0.0001250899803760093
0.00015416061837281915
0.00014938040463772373
9.644967508922128e-05
6.43424505962628e-05
0.00017976301851834242
0.00012153643471434008
0.000143540955662504
6.042123641212546e-05
0.00013878275856958115
0.00019625091289324852
7.972752925406897e-05
0.00024839458544139673
0.00013396397485543077
0.00014962942360728976
0.00012112672171460544
0.00010672515202510586
0.00023564784900591713
0.00015259101382503036
6.497082584282308e-05
0.0001667847342293059
0.00012119311749216597
0.00019176867014977726
5.4165789257531036e-05
0.00014950323762318675
0.0001603352811405364
0.00016311536103468354
7.633798806934463e-05
0.00017737471910156822
0.00011062588019943973
6.621342686916915e-05
0.00018853087451859416
0.0002750029301755317
0.00013592588633471695
0.00011745360970163208
0.00010374413686754189
0.00019588613410579045
0.000260820462341098
0.00010179714334703738
0.00017763586046127703
6.110350186538795e-05
0.00012433674335705642
0.00014104899077859093
9.1521850121357e-05
0.00034150589419355853
8.0073480439737e-05
0.00010018148760623123
0.00014736901654763322
0.00013689974228433448
0.00024813727447059014
0.0001439307431661097
0.00011238697936380863
0.0001587482237308052
0.00018146204972465865
0.00010160782300749808
0.000232344966682364
0.00022259937422386774
0.00022985142053909882
0.0003221093310670441
0.00023838595232687456
0.00023061462399140997
0.00017479428394829677
0.0001259177959741942
0.0002068371522519927
0.00018807748222510255
0.00018590582520893625
0.00014838387031064745
0.0003808338410472833
0.00018477301607416576
0.0003021861896032145
0.00023727242861227644
0.00016497317254275093
0.00011606532279135935
0.00019982349383754723
0.0002448555515818052
0.00012398703050613008
0.0001762249363428133
0.00024109069420385755
0.00019965935705503312
0.00018704350334812936
0.00010667666801551113
5.045809588388593e-05
0.00015035902529059688
0.00030303543989074097
0.0001779716280495691
0.00013199691281741606
0.00012819689333302872
0.00027903591606847077
0.00019003425498936402
0.00020496035570995443
0.00010633560151346815
0.00011997314410648541
0.00020820894796447358
0.00013902480436222794
0.00010017566012751802
0.00027383790193339936
0.0001713767175209308
0.00022405690169913204
0.00022060368139066328
0.00023221648454589913
0.00028612563177660117
0.00019014469862348426
0.0001542900469692917
0.00026369812366031634
0.00019192448990429451
0.0002400449312797129
0.00023431459383786246
0.00021522621887865256
8.902729436842254e-05
0.0001834764427018615
0.00016271075944878903
0.00012849001409675535
0.00021715072349746413
0.0001863764056258126
0.00025771438650730693
0.0001827985456554621
0.0001396128265527384
0.00010049950357171951
0.00017124796473469856
0.00029358769781530944
0.0001593924820828695
0.00019686503569885423
0.00024367375250097006
0.00023018039180750899
0.00020600945978094818
0.00025550532404574163
0.00018646222413762833
0.00017348496509599784
0.00010643425482564814
0.00015550371789902547
0.00019113547170651886
0.00014710070023957693
0.00021088466215375833
0.00023124065273898807
0.00017343154976506817
0.0001162063203861483
0.00011160379122821693
0.0002160028074440497
0.0001477155984546212
0.0002309844071628723
0.00026454254253951173
0.00012871257771291333
0.00013836769123861626
0.00020769360643841658
0.00015243809200753348
0.0001052894105682509
0.00025591790211326607
0.0003047327854314366
0.00016824841513561544
0.00020311995596622028
0.00015340645312083418
0.00017770400692422778
0.00013729472868737432
0.00014151353729351582
0.00021204899858295087
0.00011257350184718765
0.0001216519276631388
0.000164683113247474
0.00023563041458883607
0.00010733499253995882
0.00016371893875532375
0.00019933337772296735
0.00014182064252256314
0.00029797564210878115
0.00010257925011485608
0.00014111005745722795
0.00045988393017229755
0.00023162507491045117
0.00017945240638206532
0.0009069138932204133
0.00020366451547763873
6.42777984676952e-05
0.00013952971328990687
0.0001523958449766498
6.142130755391076e-05
8.285365484782442e-05
0.0004851927500670404
0.00014592733797370738
0.00010131636920510252
0.0002534296718447469
3.636599847847577e-05
0.00029642532128523334
0.0003726049684184784
0.00042791132101279187
0.003099877339954976
0.0003371970072017997
0.00026743927628127554
0.00023828501948415897
0.0012844944115921386
0.00022890414033712573
0.00012846926060480757
0.00013665275423905751
0.0002188744876328615
0.00013067957708189768
0.0001028015345800355
0.00014500486181536097
0.00012048071126891119
8.654148138838908e-05
0.00014800361831725285
0.00011896962671612617
0.00019377867263840556
0.0002479288762351063
0.00013235969960831973
0.00025119698725248286
0.00022061491946373296
0.0004107705180394126
8.782700629465669e-05
9.020525526157127e-05
0.0001448028858080236
0.00011571540276012686
0.00016029922495369562
0.00018321651286733092
0.00019285246657628138
0.0005089564266226982
0.00017179603367368092
0.00018173316002595552
5.810670950501837e-05
0.00014876651381929228
8.356683705082684e-05
0.00018280800529317927
9.087412316418692e-05
0.00022041528425793157
0.00020529675982298398
0.0002508808321132654
0.00010868396905316867
8.012490942429227e-05
0.00024933576589522143
0.00041167226498515846
0.00026146932402884305
0.0004042741034164596
0.00021193107165126066
0.0001775523389154167
0.0002802572932883831
0.00028428552021232987
0.00016524745003688906
0.00017670591185370106
0.0001359906349696673
0.00013521677012948093
0.00015294599453109334
0.00014065570967154795
0.00014367612489099324
0.0002688686868877556
0.00016012654629796635
0.00021754107271131887
0.00011575960598847382
0.00023964332335264232
0.00015359316384422634
0.00015867337894310318
0.00013372812842307966
0.00014662745547601886
0.00016047024260904818
0.001169653829290363
8.950113647143948e-05
0.00017918701485552342
0.0001543540936747638
0.0002707686263667424
0.0003266716557280693
0.00017691768553230943
0.0003296843311088574
0.00035077841241450646
0.00014132855200324384
0.0001622443078996671
0.0003025249443268666
0.00027773866718769575
0.0003597227399929205
0.00038438499332757057
0.0006213681462575416
0.00030788285916068757
0.0003418529763440329
0.00021965374953394597
0.0003226937650934276
0.00035717203187272256
0.0004707903258125931
0.00032256069619129683
0.00025719483969988263
0.000251621363299424
0.0004463775728221462
0.00032943550688203867
0.00040378579529381804
0.00025058112837093995
0.00037052559615928976
0.0003469980794396987
0.0002823615298810275
0.0003078313009314323
0.0002678215535225538
0.00019776139673228094
0.00042605698184954103
0.00021506428644876138
0.0003551571557468323
0.00037434346403461555
0.0001847640855057574
0.00029240489399524184
0.0010756199605037777
0.00026302320994602577
0.0002994328189905333
0.0006200712293521004
0.0005055229274342065
0.00029636939537964037
0.00038439006979303704
0.0003930345937323976
0.00026995121767337807
0.0006962781455765344
0.0002982884094843962
0.00020844597208675438
0.0003164341253693359
0.0002806953543388807
0.00011509160043392923
0.0025586061878094596
0.00015502820822503079
0.00016249854232096265
0.000217951748353236
0.0001391851784125335
0.0001982074803350179
0.00024628916620265923
0.00021403635503790893
0.0002632597703284648
0.00021928343552154775
0.00018195646589402292
0.00025993321655935943
0.00020835969019472226
0.0001521233850559413
0.0002505160648734553
0.0002100887074704681
0.0002936817411008138
0.00015901003509583982
0.00028879469651206974
0.00032410112083729875
0.00024116425441360976
0.00025922352086038065
0.0004131544674044356
0.00021749937684927616
0.0002336587207173154
0.000258637318647908
0.00020699992158627485
0.00014956156826400837
0.0002667948583912303
0.00021783840073725394
0.00012473709994235984
0.00020913566991705255
0.0001843053766480235
0.00019611846730933685
0.00017082169954991564
0.0001223163163245621
0.0006978231428026463
0.0004211297363467074
0.0005025490662408397
0.0005197942646763904
0.00037327435646993884
0.0014965134958584683
0.00025624140529990734
0.0009769963637614846
0.001034130743372293
0.00015171701197149088
0.00014882399818893593
0.00015782659250363588
0.00017913002032426874
0.00015123093494823515
0.0001541248319083955
0.00018724985524586004
0.00020163697529188994
5.799654482083182e-05
0.00021566070259865277
0.00023978929915634446
0.00024596307953321837
0.0002314276722491996
0.00012195767939839171
0.00014177731381638718
0.0002586703742812002
0.00015398494774229615
0.00018474209127053668
0.00035127805055965586
0.0002484476027600976
0.00034504174833986
0.0003702986337830273
0.00018883503255981684
0.0002621583533174665
0.0003685417642358846
0.0003206522882506517
0.00028959393779063534
5.3067016351396994e-05
0.00028073379836257367
0.00014104394346420846
0.0002362703842711873
0.0002302905361303666
0.00017259152099313816
0.0001782507304052051
0.00017338004496117543
0.00011323230212431568
0.00030141284648296107
0.00030339677355105827
0.00027167007079585904
0.000313764626557941
0.00035158366891606244
0.0003036764949843986
0.0003157660950298505
0.0002757037555397403
0.0002434240169875129
0.00016377375901566993
0.0002662909712247979
0.00011456154478837904
0.00023785213345421183
0.00013306588832721458
0.00022330643900638454
0.00019120869288970362
0.0001521183426531677
0.00010438100596761163
0.0002244145824698809
0.00031495250960062815
6.384446383125011e-05
0.0001264283222435862
0.0002439368748407477
0.0001904018836887378
0.00013106421690344775
0.00014307936061818335
0.0002060104369009699
0.0001420322101364269
0.00033007068276671867
0.00018384805731024568
0.0001903488637479942
0.00031939440111725516
0.00029400464992772844
0.00010278737836322456
0.00018850409896188148
0.00017676179612524832
0.00014385722055893416
0.00021567053078262708
0.0002709148444214627
0.00030301571401033107
0.0002087494476447178
0.00031231653591998415
0.00021364096544863336
0.0002861086686456533
0.0001827334005329759
0.00020823770734600995
0.000203367817402806
0.00017861188630071055
0.00018983651297544844
9.300081278370213e-05
0.00011486923404486305
0.0002340566162335821
0.00012029828500529831
5.117062438737174e-05
0.00019943078238790653
0.0004725722577012393
0.0002845506668005679
0.00027186537508499907
0.00027178882624426026
0.0003486183828838119
0.000257434290451565
0.00037489913163075224
0.00038717621992964923
0.00020171839586663676
0.00021365326472991711
0.00022096768661968708
0.00012673486367423292
0.00032832413580544936
0.00023362592369521008
0.00021712853279402247
0.00017276687814642518
0.00017077302901465858
0.0008567852436381028
0.00030929370016158613
0.0002907613770988224
0.00018424266938313398
0.0005385527950306265
0.0003540628411736693
0.000259320641207336
0.0012251410165029708
0.0006775921101728849
0.00013166432844547734
0.00018641483157931453
0.00014782945537104175
0.00034546490484056627
0.0001394449886259849
0.00019238825325405115
0.0003057915844162956
0.00017434624672597865
0.00010476740657919197
6.661361444405509e-05
0.00014254096226778921
0.00015521757729448083
0.0002263839183353127
0.00032540597223094415
0.00026776597539210025
0.00016822937949261335
0.0001198212824205448
0.001025919326246833
0.0002499313303578497
0.00029297854553302235
0.00031331196636307765
0.0003259245610657292
0.00022211742462244775
0.00016190463820302178
0.00022144126912870227
0.00011293201504503436
0.00010429144176884334
0.00019024935865740445
0.00016259448023598898
0.0002634063668249567
0.0009059628521192085
0.0002583427186130412
0.00019808184178673528
0.00015006136096455954
0.00027074634740298
8.955282230065737e-05
0.0003815873856115155
0.0002399565440119706
0.0003095636523139225
0.00018631200747241548
0.0002864636759648409
0.00019981498489570005
0.00022089574243937295
0.00020556023927191896
0.0014838124744546031
9.89867473162394e-05
0.0001472375982403265
0.0001928990698102074
0.0007853926030879442
0.00015136381120939247
8.101696821716132e-05
0.00015659838351703888
7.384688813508204e-05
0.00011376474676688249
0.0001343413231295435
0.00011295016159698625
6.41634679684613e-05
0.00042481976774094525
0.00019769770618555
0.0003902576302680055
0.0003388006524161534
0.00016096873999316708
0.00020638452215403404
0.00031635030018692866
0.00022877993959282612
0.0002776760563405001
0.00024294467959970825
0.0002810531934415175
0.0003435970584623808
0.0002761230450823955
0.00023223022677663858
0.00018281544709246653
9.110416961443978e-05
0.00017715669825474624
0.00015907725017843958
0.0002269718728514167
0.00010998054524328231
0.0002006538663823264
0.00011230894295615471
0.00015071772880775942
4.022017545545612e-05
0.00030060341227101787
0.0002241133140135906
0.0002502677425936722
0.000182503152154278
0.0001644545336430468
0.00020892652105811586
0.00023490819083823075
0.00014589180178038635
0.0001220708052551532
0.00010118716004634886
0.0004275407566224794
0.00030343766310144175
0.00028753752784910284
0.00025980128176597057
0.000206039613758807
0.0002114743224188279
0.00029867988220768195
0.00018196363936579175
0.00018522749941686
0.00011403410791760061
6.78273394569185e-05
0.0002966132472530749
9.981388486266516e-05
0.00014487128183825573
0.0001686451741017039
9.835854285778955e-05
0.00013381456992870154
0.00010868238880674616
0.00014508565323558505
0.00019915007268627176
0.00019575185007006285
0.00010276975205053948
0.00022128552101808454
0.0003010314495219809
0.0001399067571081397
0.0001420310578260839
0.0002277544223288743
0.000321940577094192
0.00019184473553521736
0.00018054033006341137
0.00015712780745053462
0.00014865546733371202
0.0001625309098203253
0.0003437297182847842
0.0001336614235101192
0.0001595695210847725
0.00018749844614849228
7.817383796295918e-05
0.00017912315671763718
0.00027746431356160685
0.00019355558393142848
0.00021275782973450378
0.00021373328394310508
0.000145652158781117
0.00018899877241628253
0.00016663216393046255
0.00023389494403702253
0.00016552990839151184
0.0002540085617454966
0.00018442753924956997
0.00012507918972622952
0.00020531394031828089
0.000259101421466376
0.00027487477774497626
0.00021902236126416586
0.0002758066858097206
0.00033451414579499424
0.00014176896179159755
0.00021493497070151983
0.00023917332331356027
0.0001931667773291797
9.479064698720573e-05
0.00021464715763591308
0.00024208143697085092
0.00010793320731538937
0.0002037066082392872
0.0001229691037976279
0.00018768906400703974
0.00023787113198435033
0.00015904131689854163
0.0001250252670814392
0.002927794757511923
0.00010864859647107271
0.00059926741099401
0.00028827053854078643
0.00029086994568826703
0.0003547559580921425
0.00026750146336426966
0.00020105026450000762
0.00046558512622334267
0.00046661456719261895
0.00022147322363239063
0.0002920607148850895
0.00031576177971265177
0.00024083497161212446
0.00034985888779577676
0.0002925691330817934
0.00025510228199838243
0.0001433864011535699
0.00024128523764977322
0.00027252683978084565
0.0004350613767609144
0.00043777884764256627
0.0002581762216932082
0.00021948112771257545
0.00022540807174893066
0.00023150129566900426
0.00022431599820302783
0.0002505817369737769
0.00030160572420522713
0.00012082814260570288
0.00026026960473184157
0.00029728519599580373
0.00022983742281005982
0.00024686510444693843
0.00038636296103430526
0.00014290210099056024
0.000152449851926346
0.0002272914451262216
0.0003010301539036302
0.00018588011769875062
0.0003555635021351515
0.00012012630273426838
0.0001836465219860935
0.00021667160771750461
7.21958242084151e-05
0.00020012915519680152
0.0001694742841657399
0.00017631719041236944
0.00028739207707027467
0.00024509614225196144
0.00022661478848187404
0.0002490059094779291
0.0002464995211072163
5.0091721030131426e-05
0.0003329552285244419
8.209680980216655e-05
0.00012938554008852561
0.00018809776749206434
0.00011666139731083567
0.00011843794369518203
0.00026182069063426095
0.00017482794336965769
0.00013978754202613713
0.0002867736335341418
0.00023131808266689486
0.00038839035333424637
0.00033439646054804094
0.00019365373413225378
0.00026375318703574424
0.00018207009262051447
0.00048755547378123823
0.00013654659485686524
3.1519989886863906e-05
0.00013935483082987816
0.00013772076621311978
8.304464803627494e-05
0.00013862312191334063
9.362244887116611e-05
9.465151887005154e-05
7.7583321809809e-05
6.758451647511182e-05
0.0001935543894915927
0.00010103886789038298
0.00022381921240492779
0.00019021953085482946
0.00014755589735750816
0.00013539404755360897
0.0001446007563457297
0.000217779596527412
0.00010271029640335361
0.00023312834049714346
0.0002186661544780302
0.0001497762145082477
0.00026888450685056016
0.00021700420741773996
0.00017777471990774692
0.00018527609524947718
0.00022923571613724754
0.0001262260513436453
0.00020126763766449384
0.00021380656068510938
0.00016993418372211036
0.0001405667244125858
0.0001881664434475718
0.0002516007069878915
0.00023123603021847885
0.00014460305461806223
9.664494381979598e-05
0.0001800336696485715
0.00020641425495115045
0.0002073136617973103
0.00031571591413539785
0.00022225270408848417
0.00015088768904186411
0.00011806376427015412
0.00021920211200036197
0.00010753039090946086
0.0002678024283649742
0.00014269355536611315
0.0001548509392573735
0.00010993248347275295
0.00023213457886322254
0.0002898721407398042
0.000209746228655099
0.00028444434223643186
0.00014769036506546
0.00047675217002448293
0.00015196851152572558
0.00014455297770420275
0.00014910611191573764
4.796073057875444e-05
0.00015941271063676005
0.0002488878576977447
0.0001266729496572092
9.259344573509743e-05
0.0001689211166854078
0.00030271148088166364
0.00018885385565973572
0.0002675006037177548
0.0002081775756866292
0.0001640615631397643
0.0003224176962842424
0.00012496608302560252
0.00014178678276331944
0.0001349640526319483
0.00020949360641938402
0.00021100050203522958
0.0003226416641683412
0.00021041803170518387
0.00015060639881948364
0.0001924465011147761
0.0002698136724688286
0.00010066099277454356
0.00013489410608715882
0.0002860554243572638
0.00021102028175021666
0.00022424960476456307
0.0002739351248823878
0.0002944450462444187
0.0002019318403078945
0.00018436284870204677
0.00012277610204945697
0.00021119162394666618
4.337254211459579e-05
9.959646782276744e-05
0.00012067391776588841
0.0002978008312685955
0.00016998595381136235
0.00022842121757846173
8.692062503130447e-05
0.00013029402142834636
0.00010644493596448799
0.0002755502111038406
0.00018207491508678063
0.00017801290831537633
0.0001650601172622386
0.0001484900624040047
0.00021366687898747295
0.00013764425060212873
0.0001572448370370362
0.0004491150862726063
0.0005491990523421604
0.00031005057892029
0.0004942004920937019
0.0004789747661855607
0.006956495709311459
0.0002525698361647393
0.0003316635877182989
0.00020965424907030267
0.0002764195371711058
0.000460262363452351
0.00027218621051419597
0.00110602166069137
0.00017054582375192187
0.00021950871879196216
0.0001927556445808058
0.0004998919888161657
7.549672363633618e-05
0.00042365924482730676
0.0002945136903295667
0.00029126355219491674
0.0001933635692243995
0.0009921594230587348
0.00013077204357636441
0.0001649121312730183
0.0001084592433501226
9.480148398427994e-05
0.00023342291605373306
0.0002599763039986314
0.0001730657713606655
0.00021740237670307366
0.00025335337341308447
9.476590128598068e-05
0.0002344491273519578
8.745509451299031e-05
1.0543372326140942e-05
0.00012036732397474317
0.0002039478502681515
0.0002322444586754926
0.00012698891045539732
0.00010868719531818088
0.00017047401650350575
0.00016269601162729674
0.0002050405651222778
8.492275509466023e-05
0.0002517436251125044
0.00015631777495714896
0.00015849353884865182
0.0002400785439259219
0.0007434209824166628
0.00010655251595055805
0.00019936509192078114
0.00013274120241191502
0.00046706125241791064
0.00016816927960881917
0.00016593491433082846
0.000261931876974231
0.00020998795749902296
0.0003148208076729754
0.0005189247378316671
8.788300869145677e-05
0.0008166774797683826
0.00014258369220546363
0.00017461071557297412
0.00014805054182230002
8.175301755976545e-05
0.0001297135322913809
0.00013606657893553008
4.807595455550267e-05
7.851468884070285e-05
4.9591984475459677e-05
6.050155618744702e-05
0.0001464128563074128
7.61809032034621e-05
0.0001740700856793167
0.00014001330897044656
3.902474441890276e-05
9.18263320273907e-05
0.00017931872059249958
5.756867349614835e-05
5.801143822889098e-06
0.0001347977319189056
0.0002718350773903359
0.00023608486558185666
0.00012504526456464388
6.738672132688549e-05
0.00014667805893397225
0.00030562522538811617
6.04762374534843e-05
4.3951768428331735e-05
0.00016739118918412884
0.00025592664899672633
0.0003102534950258671
8.933481170238362e-05
0.00019953740879558688
0.00026210908421766437
0.0001750831929885674
8.744827517101693e-05
0.0007226142463546803
0.0002165043779348517
0.00027843205039114417
0.0012321209674949268
0.00019257538282239125
0.00027419246218997724
0.00028183857397518137
0.000180721630373335
0.00016452804184391445
0.00011456296054660861
0.0001111494526724428
8.939903042522736e-05
0.00015397725631163296
0.00011512560374927795
0.00020790606054462617
5.355444025329541e-05
0.0002185673956750241
0.00013644650434180755
7.228523789546434e-05
0.00020283943455017074
0.0002157630468915067
0.00033147743178033
0.00026291644219413095
0.0002720262164992244
0.0002484669737833731
0.00014206253082580558
0.0002904346273431031
0.00015754659732905758
0.00029689375752801645
0.0006601843571740935
0.00031244317855313834
0.0003393601333383425
0.00021677516535634106
0.0003566826164986979
0.0004379119234621451
0.0003571827082614099
0.00011917081780304292
0.00017349280229612342
0.00010997915836479418
0.0002220009007993537
0.0001958221179300303
0.00018495762879851561
0.00014707381164110917
0.00023940015002147814
0.00013225720075906382
9.837720360502887e-05
0.00016529218614482816
0.00021831655142510873
0.0001670237888731442
0.00018869322232922792
0.00018050230058818637
0.00010011027424356311
0.00018578142658758466
0.00022528234816233142
0.00014337335887747084
9.845797375639797e-05
0.00023850722280974488
8.115400320966562e-05
0.0001455715054679037
0.0002367892884102671
0.00014979839928250244
0.00012636477162181404
0.001141097696919959
0.00016101452400388603
0.00014066358703043093
0.00023748306669969465
0.0015735215424147516
0.0009159060686176519
0.00025543418004218723
0.00015445017023480245
0.0003665247578940298
0.00018875719127931084
0.001000760523890724
0.00015119823264901505
0.00017179894143692535
0.000187572636796121
0.00022690122772334626
0.00017811453672505207
0.00034011966696609764
0.0002810353347298909
0.00019498833970315016
0.00017162386118996847
0.0002805892648088214
0.00013277530693154852
9.852832834312437e-05
0.00011214283307250105
0.0001589570259951991
9.092645547721351e-05
0.0001335198376248651
0.00011540624980980706
5.296221447457014e-05
0.00012306886516220516
0.00014038814017433565
0.00022819755019024438
0.00014748361106879781
7.706314806906583e-05
0.00019158731773704542
0.0007769996828429883
0.00035930111935610147
0.00017326038189418487
0.0001981594079583824
0.0002277024513862067
0.0002721195069332136
0.00013752844793270242
0.00021223903023742554
0.00014499901785336596
0.00013639686879924205
0.00012617827640370568
8.64042457026916e-05
0.00022070410612164186
0.00033405157889453873
0.00015079544103273766
0.0004562340753063902
0.0002187633165583315
0.00020879611844229755
0.000195841938121937
0.00015655444774294514
0.00017972976007162307
0.00017901930282373407
0.00016192424071610252
0.00012756107466752948
0.0003240498619153992
0.00020979603625824055
0.00023921370880599987
0.00017920099914828163
0.0001584878232975355
0.0001577257486666218
0.0007491089011667295
0.0006896893179441934
0.0003848267419757733
0.0010756208766495021
0.0002432333890979264
0.0003491198119935927
0.0002896661878328452
0.0003333606180857106
0.0013994706510638598
0.00013277293304887072
0.00016898610805396515
0.0018775242461451093
0.0002774167245810696
0.00032529275768627714
0.00036421726236120965
0.0003193267129288576
0.00015341066755518334
0.006542251174890071
0.0017086047635379198
0.00021268600413115767
0.00029176899595052293
0.0002525616809931007
0.00018625700390503824
0.000158766782941774
0.0003143495847940816
0.00011740036209305367
0.00011256325746418354
0.0001731277910259065
0.0011264409742636336
0.00021326490921565492
0.00012367828684748183
0.00038260239541049445
0.0002771461055153638
0.0005404597196260704
0.00011910619965492638
0.00010874590018232841
0.0001783076376110399
0.00019255279550565906
0.00014871540261564544
0.00023114165170303415
0.00012252553964546531
0.0002003818628000766
0.0002473876724565402
0.00018620962635398415
0.003727557099893032
0.00019313411678071197
0.00011409506467831777
0.00011640057194214296
0.00017299675340958604
0.00020325201488467963
0.0001491558425302158
0.00011365906976776077
0.00011908707754951803
5.06825642906232e-05
0.000177589291114283
0.00028291318955136753
0.0001578401855319058
0.00020256882590679088
0.00014658551796882074
0.0001564674816457423
0.0001366907735309822
0.00016697092663455206
0.00015805730105919043
0.0001435934383092199
0.0001245542969029106
0.00014942518856933616
0.00047624780554626333
4.309281192524218e-05
0.00012313043655328074
0.00014055895017770704
0.00023696678958646877
0.00010363807486102347
0.00010676430797744046
0.00023023994931955502
0.00017468298188510464
0.00023896168572336784
0.000209491152378792
0.00024145658609547283
0.00020939950658934968
0.000255622361857044
0.00014561845284787717
0.00019049729039069768
0.0001877155590578487
9.846430192975804e-05
5.494943225261652e-05
0.0006342216193785599
0.00011399970701637172
0.00032076773884341805
0.0001741765655405463
0.00021328028890928632
0.00027484193606676745
0.0001529980920983332
0.0001820859744600287
0.00013882998131116523
0.00015772820766148083
0.005309254882812631
0.00026370654306289126
8.25792643451364e-05
0.0001681566793186867
0.0002653378344700777
0.00021223928285214795
0.00021311922623604463
0.00010740228318067697
0.0001459600762487852
0.00019141805954307105
0.00019781186302552487
0.00026722377953122134
0.0004057351823042094
0.00022253303882242915
0.00020857185480179305
0.000275483227249847
0.00021086871228413365
0.00025449827356155435
0.00020355348745365972
0.00016930342797431605
0.00016623242281166558
0.0001481173864072517
0.000215141748174499
0.00037158902496027096
0.0001959356958758221
0.00021113905114554776
0.00017110410880160406
0.00014412016205357065
0.00027614419037025453
0.00016883712772899177
0.00019762566846380326
0.00019863685119706672
0.00017133479520357514
0.00016854893234662265
0.00046960843018598606
0.0002668884459582032
8.394819977289933e-05
0.00017609286793465577
0.00019217759686928363
0.00011972727152459071
0.00021950944011236176
0.00018369112140118895
0.00025139855683742904
0.0002445188610272319
0.00029068848186481524
0.00020536486958333213
0.00024161584003304192
0.00022724522777850062
0.00022160063212113272
0.00022950714225367786
0.0002325627305055798
0.00017316559695809434
0.002025105772661514
0.0001953860431933658
0.0001444601639447323
0.0002066266976976429
0.00011777838559595008
0.00015494022674701388
0.0006598398449625047
0.00038888202974595283
0.00011964667156535214
0.00018042980739287534
0.00010627425672996227
9.884377460527711e-05
0.00020865983322372104
0.00018631252923163397
8.957485780788005e-05
0.00043030995281767266
0.0002750766440170029
0.0002766617315260661
0.0004553906036618956
0.00029146044016080576
0.0002362807808177895
0.00019283054465515093
0.00020013004711080497
0.0007025562261563873
0.000503482103457847
0.00014070469994293875
0.00020333099675436204
0.0005317113597156084
0.00016878753084845324
0.0002579353853581007
0.00015947622815244255
0.00021489800737392522
0.00020975851547842532
0.000178901968269779
0.00040343814540034557
0.0002026940354455047
0.00024831534841965124
0.00040287759280250755
0.00022386163892834326
0.00030183369487514624
0.00023649386239141295
0.00014111819635498048
0.00048428476263799944
0.0005068742926012904
0.00047691705187707337
0.00028445929745712743
0.00039984427431514065
0.00035162703502468104
0.0003798149115781482
0.00032264808272649143
0.00032992087443297876
0.00023897492197554214
0.000332898126898866
0.0003057229083661818
0.0002750742353240379
0.0003222647740405281
0.0004121296091970356
0.0002577575270690731
0.00020927044393657438
0.00032066374778724446
0.0003542909496372714
0.0003629653146363617
0.0005358291760721016
0.0002781724281822004
0.000916802296607624
0.00031884116153607395
0.00015521387988311046
0.0007348110611185156
0.00012331580356734028
0.0003362660698135556
0.0001971744802245421
0.00017857012936061935
0.00011434849615655002
0.0001325833726944111
0.00010835579187408574
0.0002080917460941436
0.0002162277433757296
0.00012305313988949292
0.0001148945879185268
0.0001997910342517687
9.083177049449828e-05
8.962228266808529e-05
0.00015851104593289503
9.808566344801152e-05
0.0003149896346005906
0.00016712637033541514
0.00021228592384130713
0.00022486588316987383
0.00022604288251208823
0.0001818940185606972
0.00033242767342912333
0.0001736241405808744
0.00013589776799360779
0.0002937270099006897
0.00017068269232890093
0.00017017374258512333
0.000125324460494114
8.315243675415473e-05
0.00018725441558391776
0.0001704807473220971
0.0001583153328872597
0.0001254509190230888
0.00011189264359762014
0.00014004973115943473
0.0001877468847429772
0.00016335318665945038
0.00017826041445370065
0.00012009321247225246
0.00013736155306358388
0.0001252138290714846
0.00013678272998647197
0.00013557177194113538
0.00014133870552525128
5.283583764157684e-05
0.00030336341449537803
0.00023841772846953704
0.00010587071103964437
0.00014159710077901898
0.00022117917425915586
0.00016737081272793984
0.00016612630382697462
0.00010028887510292949
9.068087330196988e-05
0.00017987230962635903
0.00015022619972713812
0.00015918987415261136
0.00015628512412567232
0.0002664691394152652
0.00017157446027787576
0.00012527756209851126
0.00011052409530202411
0.00011391921394998325
2.1670851005235042e-05
0.00030639343363497875
0.00015925983643474333
0.0002204547189840876
0.00014626619943235178
0.0002257767974621229
0.0001513956226252895
0.0002868413024643256
0.0002454885408647821
0.0001077006830094842
0.00023496893820643515
0.00016756583590643307
0.00019349345978778801
0.000207326309741688
0.00017876861990088564
0.00019153014613102065
8.964204349489862e-05
0.00016906094915112058
0.00019647605059812823
0.00015052580251245293
0.0002487449833871159
0.00025751066168285924
0.00020987996874687924
0.00017946554808562194
0.00014603520200380657
0.0002781011959554188
0.00018325070453658224
0.00014900506205466714
0.00023332980638527296
8.307317229129863e-05
0.00010156283366568473
0.00013036644592301537
0.00012991322195489208
0.0002474976639185459
0.00012690533041704634
0.00013560707198869733
0.00019026874542317073
0.0002576896130190036
0.00022748924375163662
0.0002751575836332681
0.0001432260175013241
0.00018154781550011479
0.00014788340609899676
0.00020849974143070084
0.00012364891801631213
0.00012903080499959308
0.0001740434697452285
0.00013279134345685386
0.00030816418568427
0.00012531941926040863
0.00027085198395923897
0.00017707310674643347
0.00014415321646602753
9.91678359428455e-05
0.0002741521916309606
0.00018877968317869323
0.0045254311594095705
0.00014576524810361717
0.00022274058528288943
0.0009086580070641801
0.00020182877435575433
0.00016796766175132001
0.0002508884464334906
7.116784389490829e-05
0.00020860932835154895
0.00010863241049127896
8.959050580811062e-05
5.928646173034636e-05
0.00032233400763295657
0.00024162904916230678
5.737538855249575e-05
4.5474819458280656e-05
0.00012941166988883715
0.0004177785906851602
0.00010272369019593813
0.00011127460244755534
0.00014258068379533763
0.0001415810024255173
0.00017127621176052163
5.780772065197817e-05
3.546569127705283e-05
0.0001622048362039769
0.00019767286607462315
0.00011020436941574768
0.00021939664725758549
0.000280135036775979
0.0002263562344924486
0.0007388005919050629
0.0002115176905960473
0.00012552997608498965
0.00030686837983514935
0.00038465551692394014
0.0003935579541313146
0.00027504379187881446
0.0006943334518414214
0.00040310770613415027
0.0002105391520865978
0.00023907645051377455
9.571342599091466e-05
0.00024376995193488505
0.00012949970426788927
0.00019433785514707318
0.00024712874858655065
0.00015596084285998565
0.00024285349758922464
0.0024606126380439684
0.00032602859234888475
0.00013049880456472693
0.00017283103957992386
0.0001850582696539735
0.00021854928164767698
0.00014332298963923515
0.00018826319940098418
0.00014886501749789214
0.00021301827074734911
0.00012418309702868905
0.00026894894089396243
0.0003247350696713312
0.00021926995425737453
0.0003232400669456308
0.00035449140222575375
0.0003743801557011043
0.00025553179812039435
0.000321103420255251
0.000275228307128091
0.0002695076860998711
0.00020543599928212017
0.00026122544693119243
0.0002262447150558422
0.00029031056895606564
0.00021810233629120676
0.00028516930369919485
0.0002803973108269736
0.00027450257874034523
0.0002259171095132462
0.00023317904795971308
0.00016907375922563782
0.00022734183258733986
0.00017777772520351576
0.0002007285113440577
0.0002020961456368722
0.0002012495051561968
0.0002686303704315167
0.00015003688351401874
0.0002187644016312727
0.0002259079772980162
0.00024765166486872463
0.00019906466285455663
0.00027336344369962597
0.00016170384231314132
0.000389205192903647
0.0002733966106034428
9.528043758594682e-05
0.00028649948245945353
0.0002984997254826945
0.0003716778434425776
0.0003867525056081078
0.0003585183760059307
0.00026356936988485816
0.00035332669628876086
0.00019012549988633927
0.00027142035336025867
0.00014960645081759605
0.00017406532959135401
0.00018139716477442503
0.0001901061377994821
0.00011381501297808092
9.784254267085952e-05
0.00025438257833548784
0.0003193613540232243
0.00015833450495900386
0.0003203260782717155
0.0002632242563545688
0.00027395943510571973
0.00022121392965380505
0.0002027828804542886
0.0001869705062140991
0.00018519006446747374
0.00010507028743836767
9.024910546958137e-05
0.00021692359337589843
0.00021193378075305103
0.0002454685159803716
0.00029802772040627475
0.00033202056179375126
0.00019637021393940628
0.00024765294896878165
0.00014883541307589504
0.00011873070273599972
0.00022748916157641681
0.003449387263983284
0.00029234450614405456
0.0002979240487484928
0.00015061874387154874
0.00028878189601104314
0.00022479029462703335
0.00031967800982676267
0.00010710681322830969
0.0002327273180616154
0.00013490263118740863
0.00029335166396866143
0.00020277839900806338
0.0001250847056256754
0.00016494310245350737
0.00022905671565925283
0.000225555275957906
0.00015568397100115564
0.0003119230667345387
0.0002935299672045166
0.00021144830953337906
0.000272917566964547
0.0001659362973258114
0.0002829489394067131
0.00027473506747951136
0.00023770600602656221
0.00020563319299843404
0.00017504398333353306
0.00033490951334533704
0.00019100519113525544
0.0001472890825993591
0.00019346319799904723
0.0004594828345119311
0.0002331507190028126
0.00023678375624682933
0.00016105855757270508
0.00024811358331067933
7.989579254933589e-05
0.00036293036382004296
0.0009044812661307337
0.00021174482083954842
0.00047907261550759556
0.0003627960310133993
6.21523838476194e-05
0.00026320357698377434
0.00016081837870545056
0.00010706277492793707
0.00014430014153674186
0.00014762341865160174
0.00011600428144501295
0.00012772557084581626
0.0001721710955570014
9.953133047298011e-06
5.6730816329105476e-05
0.00011467898946406555
0.00023675245411840077
0.00012370602443906195
0.00016496372596057208
0.0001469210979192083
5.650092801089796e-05
0.00017209255423932004
7.510447089972876e-05
0.0002901537960858038
0.00018182912030016552
0.00012816546507541618
0.00022769346012011205
7.99357116967763e-05
0.00017747209514593605
7.783314034232278e-05
0.0002656646181111777
0.0002186737707415561
0.00015557350224833813
0.0002329164282617881
0.0003096756673425388
0.0003259477251143447
0.0003858618204887104
0.00022209763469516205
0.00017660371476058113
0.00011552077503269582
0.00018109296199139206
0.00028747785368890224
0.0005828447799948577
0.0003285000927465795
0.0002634380035411653
0.0005238188928509283
0.0003526739445676366
0.00019400072662068558
0.0003942032296624554
0.0005620190525643247
0.00036976466072698
0.0002252610227615993
0.00021155037564238197
0.00015896000404033104
0.00013373069150567646
0.00021635064085041728
7.083208624350885e-05
0.00016449048339536184
0.0001442540918910032
7.54211050103438e-05
0.00026657334579845566
0.00022900628222981737
6.593253689571213e-05
2.9200427368923225e-05
0.00018928122126456913
6.12352578076545e-05
8.013534299407351e-05
9.313036529615357e-05
0.0001309339048919507
0.00048190550301130793
0.0003207749470195743
0.00024292747707313928
0.0003011070284641035
0.00019489955209709081
0.00033754649747811674
0.0002969480466770312
0.0002937741091771445
0.00014671811302772414
0.00018672777400404405
0.0002534380126808954
0.00023681605275945015
0.0002188341955657131
0.00030989353695579926
0.00025184595058005445
0.0001069733802608016
0.00013245065189570402
0.00010633130328311592
0.00018170215638809402
0.00013165404472570094
0.0001637782095772455
0.0002244005011715246
0.00019136630608330052
0.00027644867324907454
0.00017894519970150147
0.000166398342199809
9.100560087744895e-05
0.00019764335779574863
0.0001952261483052019
0.00023529700018727466
0.00011901663936889367
0.00028788438898840954
0.00042422937872367176
0.00032179529348374056
0.00027711067954197137
0.0001356283698931011
0.00011019702600872474
6.219806899149789e-05
0.00012816803380806625
0.00027306523336633
0.00016942435204542284
9.933704036630809e-05
0.00013189739715558545
0.00010050599291723778
5.583566074888792e-05
0.0002534514107216669
0.00026563952904020056
0.00022209472655911828
0.0003549210624043296
0.00017565590500410194
0.009734948900970593
0.0018709793597278682
0.000351500327469275
7.529765384964169e-05
0.00011743557800885003
0.00015358174526192985
0.0006251227779009677
0.0002936600640735832
8.728980610328973e-05
0.0001701308848896057
0.00010766343376831043
0.0001572669129846106
0.00010709755008227061
0.0001900379823666079
0.0002205506369225955
0.00028132243902152294
0.00013654507979950583
0.00015300488795576115
0.0001105442395554057
8.641523312100937e-05
0.00012881569667870684
7.898352240722193e-05
0.0002909618831870005
0.0002143231558982702
0.0002849206277076915
0.0002031121088515657
0.00019016749843012347
0.00021914760220014006
0.00014132808760973536
0.0002907321265734366
0.00020268326939075002
0.0003844961888982505
0.00021462981320605196
0.0003726004124792211
0.0002715300595104902
0.00035037024313401837
0.00025589988815337015
0.0002802656871683994
0.00014600559940786673
0.00027313298828734626
0.00026034681146275886
0.00014906085902723952
0.00023795323303523188
0.00017406904371249188
0.0006436554725859375
0.00019349645497535742
6.223158382649622e-05
0.00014237211653810313
0.00016113947721554402
0.0001984209663953575
0.00013621342853614534
0.000204337249828548
0.00014062246134814894
0.00013899995712588343
0.0002413214325201326
0.00024577725597353537
0.00023987104791593097
0.00015427297654014316
0.0002431711515393514
0.00021662665500310106
0.0001493031048556787
9.864720392566775e-05
0.000161333580509994
0.0001204309532731651
0.00011544923972761655
0.00019027021469634
5.559711828867987e-05
0.00010073935523524856
0.00021244858924604574
0.00012512239144484095
0.00011919287913658285
0.00024354394186458248
0.0001762110514147749
0.0001393140126414096
0.00015183313705531134
7.666503175181618e-05
0.0001572304494880739
0.00019528755843663115
0.0001404431271864055
0.00026675862574036227
0.00025439601846548066
0.0003059633623772686
0.00014642762563565556
0.0001911099264391876
0.00013076566690615712
0.00012377261356922054
6.216384578521696e-05
0.00013281533422376853
0.00011646186036725266
0.0001916267332953749
9.733650233067184e-05
7.119772926373871e-05
0.00014885778141800248
7.740393384380994e-05
0.00020096483281931276
0.0013245704357572972
0.00013092219940187547
0.00010840488202919484
0.00020762058832340358
0.00022110175678705587
0.00014792570477061072
0.00018979502680327063
0.00014751981329582837
0.00021133902774564983
0.00015327932925071464
0.00017785642318062105
0.00021619894585129835
0.00012876772881268756
0.00013813293289715009
0.00018113503040929752
0.0002157374613354051
0.00018562265857070134
0.0003097843328650911
0.00021214605070451212
0.0002467603401094081
0.0002362317075296612
0.00014776694608327088
0.00029568867112713716
0.0002980338751982189
0.00017160941544930498
0.0001269068685464572
0.00014323875149232755
0.0005213396547393024
0.00017469789147263293
0.00016082397598758563
0.00022710833630356852
0.00012789235591430598
0.00023135334742282413
0.00018092140614240737
0.00011605522217719633
0.00017572962775732264
0.0001368430461496952
0.00010720718897057568
0.00010173750756846026
0.00021193263495644229
0.00015518323309568843
9.994056457045273e-05
8.818231710328927e-05
8.650855970969276e-05
0.000583944572941453
0.0005486632184674011
0.00040239645631283063
0.0004213986391646914
0.0002587396195924807
0.0005202240792308018
0.00040809204700091903
0.001185457022810029
0.0005944379626871863
9.335851125036492e-05
6.306619856144854e-05
0.00015690549059289827
0.00027391160162068974
0.00015959553209132936
7.789612041511111e-05
0.0001329309928436439
0.00012570090716422307
0.0002985490637963042
0.00014853345345354363
7.858008431496653e-05
0.00013445918188590255
0.00018007582295531842
0.0002409344719648526
0.00013333122478007578
0.00014744525230067458
0.000221227003163153
7.45148347232637e-05
0.0002008587876632756
0.00012800715510838176
0.00019342885295682119
0.00013925482825197797
0.0002921128045915587
0.00013585818293469242
0.0002699197057450455
0.000188501135522694
6.0903052271407176e-05
0.00011139214113500533
0.00023684163425049723
0.0005462268747375379
0.0010774301043168036
0.0001781717020199393
0.0010517704130231867
0.0001368559417146268
0.00015650008050697783
0.00023084966285564048
0.00028653522996551574
0.000324967546390587
0.0001483559359733463
0.00022391802416018482
0.00022609151822864531
0.0002994593159120555
0.0003736623001062858
0.0001731222861528821
0.00024125564335474264
0.00018483469044057327
0.0002295245927999975
0.00016834864172414943
0.0002231296550610605
0.0002570641309748171
0.000272633927414539
0.00019897500732637266
0.00022702059919377663
0.00022382704304292793
0.00013573631365177652
0.00014464240958638255
4.018447149830254e-05
0.00021584709832556996
0.00017560695295054093
0.00024497896500666705
0.00015300190996377964
0.00023869943447827908
0.00015094513958951474
0.0001534364751301714
0.00012341317884607308
0.0002067929933534646
0.00014144124424375534
0.00019792577698062876
0.00019736798576322723
0.00015826606867318414
6.077188822283734e-05
9.787322732859837e-05
0.0004983673499825608
0.0003644569739032359
0.00048357801771325455
0.0003913209147584332
0.000422600058308584
0.0005317250094604972
0.0012569041066849594
0.00043473157418489884
0.0003465496168744259
